2022/10/15-11:46:19.130900 7ffa27d58040 RocksDB version: 6.20.3
2022/10/15-11:46:19.130994 7ffa27d58040 Git sha 8608d75d85f8e1b3b64b73a4fb6d19baec61ba5c
2022/10/15-11:46:19.130998 7ffa27d58040 Compile date 2021-05-05 20:35:30
2022/10/15-11:46:19.131103 7ffa27d58040 DB SUMMARY
2022/10/15-11:46:19.131105 7ffa27d58040 DB Session ID:  IQCTEQ9G4CZFSI8MH05K
2022/10/15-11:46:19.131128 7ffa27d58040 SST files in 1/db dir, Total Num: 0, files: 
2022/10/15-11:46:19.131131 7ffa27d58040 Write Ahead Log file in 1/db: 
2022/10/15-11:46:19.131133 7ffa27d58040                         Options.error_if_exists: 0
2022/10/15-11:46:19.131135 7ffa27d58040                       Options.create_if_missing: 1
2022/10/15-11:46:19.131136 7ffa27d58040                         Options.paranoid_checks: 1
2022/10/15-11:46:19.131138 7ffa27d58040                               Options.track_and_verify_wals_in_manifest: 0
2022/10/15-11:46:19.131139 7ffa27d58040                                     Options.env: 0x55cbae315540
2022/10/15-11:46:19.131141 7ffa27d58040                                      Options.fs: Posix File System
2022/10/15-11:46:19.131143 7ffa27d58040                                Options.info_log: 0x55cbaf99b6c0
2022/10/15-11:46:19.131144 7ffa27d58040                Options.max_file_opening_threads: 16
2022/10/15-11:46:19.131145 7ffa27d58040                              Options.statistics: (nil)
2022/10/15-11:46:19.131147 7ffa27d58040                               Options.use_fsync: 0
2022/10/15-11:46:19.131148 7ffa27d58040                       Options.max_log_file_size: 0
2022/10/15-11:46:19.131149 7ffa27d58040                  Options.max_manifest_file_size: 1073741824
2022/10/15-11:46:19.131151 7ffa27d58040                   Options.log_file_time_to_roll: 0
2022/10/15-11:46:19.131152 7ffa27d58040                       Options.keep_log_file_num: 1000
2022/10/15-11:46:19.131153 7ffa27d58040                    Options.recycle_log_file_num: 0
2022/10/15-11:46:19.131154 7ffa27d58040                         Options.allow_fallocate: 1
2022/10/15-11:46:19.131155 7ffa27d58040                        Options.allow_mmap_reads: 0
2022/10/15-11:46:19.131156 7ffa27d58040                       Options.allow_mmap_writes: 0
2022/10/15-11:46:19.131158 7ffa27d58040                        Options.use_direct_reads: 0
2022/10/15-11:46:19.131159 7ffa27d58040                        Options.use_direct_io_for_flush_and_compaction: 0
2022/10/15-11:46:19.131160 7ffa27d58040          Options.create_missing_column_families: 0
2022/10/15-11:46:19.131161 7ffa27d58040                              Options.db_log_dir: 
2022/10/15-11:46:19.131162 7ffa27d58040                                 Options.wal_dir: 1/db
2022/10/15-11:46:19.131163 7ffa27d58040                Options.table_cache_numshardbits: 6
2022/10/15-11:46:19.131165 7ffa27d58040                         Options.WAL_ttl_seconds: 0
2022/10/15-11:46:19.131166 7ffa27d58040                       Options.WAL_size_limit_MB: 0
2022/10/15-11:46:19.131167 7ffa27d58040                        Options.max_write_batch_group_size_bytes: 1048576
2022/10/15-11:46:19.131168 7ffa27d58040             Options.manifest_preallocation_size: 4194304
2022/10/15-11:46:19.131169 7ffa27d58040                     Options.is_fd_close_on_exec: 1
2022/10/15-11:46:19.131171 7ffa27d58040                   Options.advise_random_on_open: 1
2022/10/15-11:46:19.131172 7ffa27d58040                    Options.db_write_buffer_size: 0
2022/10/15-11:46:19.131173 7ffa27d58040                    Options.write_buffer_manager: 0x55cbaf992540
2022/10/15-11:46:19.131174 7ffa27d58040         Options.access_hint_on_compaction_start: 1
2022/10/15-11:46:19.131175 7ffa27d58040  Options.new_table_reader_for_compaction_inputs: 0
2022/10/15-11:46:19.131176 7ffa27d58040           Options.random_access_max_buffer_size: 1048576
2022/10/15-11:46:19.131177 7ffa27d58040                      Options.use_adaptive_mutex: 0
2022/10/15-11:46:19.131179 7ffa27d58040                            Options.rate_limiter: (nil)
2022/10/15-11:46:19.131180 7ffa27d58040     Options.sst_file_manager.rate_bytes_per_sec: 0
2022/10/15-11:46:19.131182 7ffa27d58040                       Options.wal_recovery_mode: 2
2022/10/15-11:46:19.131200 7ffa27d58040                  Options.enable_thread_tracking: 0
2022/10/15-11:46:19.131202 7ffa27d58040                  Options.enable_pipelined_write: 0
2022/10/15-11:46:19.131203 7ffa27d58040                  Options.unordered_write: 0
2022/10/15-11:46:19.131205 7ffa27d58040         Options.allow_concurrent_memtable_write: 1
2022/10/15-11:46:19.131206 7ffa27d58040      Options.enable_write_thread_adaptive_yield: 1
2022/10/15-11:46:19.131208 7ffa27d58040             Options.write_thread_max_yield_usec: 100
2022/10/15-11:46:19.131209 7ffa27d58040            Options.write_thread_slow_yield_usec: 3
2022/10/15-11:46:19.131210 7ffa27d58040                               Options.row_cache: None
2022/10/15-11:46:19.131212 7ffa27d58040                              Options.wal_filter: None
2022/10/15-11:46:19.131213 7ffa27d58040             Options.avoid_flush_during_recovery: 0
2022/10/15-11:46:19.131215 7ffa27d58040             Options.allow_ingest_behind: 0
2022/10/15-11:46:19.131216 7ffa27d58040             Options.preserve_deletes: 0
2022/10/15-11:46:19.131217 7ffa27d58040             Options.two_write_queues: 0
2022/10/15-11:46:19.131218 7ffa27d58040             Options.manual_wal_flush: 0
2022/10/15-11:46:19.131220 7ffa27d58040             Options.atomic_flush: 0
2022/10/15-11:46:19.131221 7ffa27d58040             Options.avoid_unnecessary_blocking_io: 0
2022/10/15-11:46:19.131223 7ffa27d58040                 Options.persist_stats_to_disk: 0
2022/10/15-11:46:19.131224 7ffa27d58040                 Options.write_dbid_to_manifest: 0
2022/10/15-11:46:19.131225 7ffa27d58040                 Options.log_readahead_size: 0
2022/10/15-11:46:19.131227 7ffa27d58040                 Options.file_checksum_gen_factory: Unknown
2022/10/15-11:46:19.131228 7ffa27d58040                 Options.best_efforts_recovery: 0
2022/10/15-11:46:19.131229 7ffa27d58040                Options.max_bgerror_resume_count: 2147483647
2022/10/15-11:46:19.131230 7ffa27d58040            Options.bgerror_resume_retry_interval: 1000000
2022/10/15-11:46:19.131232 7ffa27d58040             Options.allow_data_in_errors: 0
2022/10/15-11:46:19.131233 7ffa27d58040             Options.db_host_id: __hostname__
2022/10/15-11:46:19.131234 7ffa27d58040             Options.max_background_jobs: 2
2022/10/15-11:46:19.131235 7ffa27d58040             Options.max_background_compactions: -1
2022/10/15-11:46:19.131237 7ffa27d58040             Options.max_subcompactions: 1
2022/10/15-11:46:19.131238 7ffa27d58040             Options.avoid_flush_during_shutdown: 0
2022/10/15-11:46:19.131239 7ffa27d58040           Options.writable_file_max_buffer_size: 1048576
2022/10/15-11:46:19.131241 7ffa27d58040             Options.delayed_write_rate : 16777216
2022/10/15-11:46:19.131242 7ffa27d58040             Options.max_total_wal_size: 0
2022/10/15-11:46:19.131243 7ffa27d58040             Options.delete_obsolete_files_period_micros: 21600000000
2022/10/15-11:46:19.131244 7ffa27d58040                   Options.stats_dump_period_sec: 600
2022/10/15-11:46:19.131246 7ffa27d58040                 Options.stats_persist_period_sec: 600
2022/10/15-11:46:19.131247 7ffa27d58040                 Options.stats_history_buffer_size: 1048576
2022/10/15-11:46:19.131248 7ffa27d58040                          Options.max_open_files: -1
2022/10/15-11:46:19.131249 7ffa27d58040                          Options.bytes_per_sync: 0
2022/10/15-11:46:19.131251 7ffa27d58040                      Options.wal_bytes_per_sync: 0
2022/10/15-11:46:19.131252 7ffa27d58040                   Options.strict_bytes_per_sync: 0
2022/10/15-11:46:19.131253 7ffa27d58040       Options.compaction_readahead_size: 0
2022/10/15-11:46:19.131254 7ffa27d58040                  Options.max_background_flushes: -1
2022/10/15-11:46:19.131255 7ffa27d58040 Compression algorithms supported:
2022/10/15-11:46:19.131257 7ffa27d58040 	kZSTD supported: 0
2022/10/15-11:46:19.131259 7ffa27d58040 	kXpressCompression supported: 0
2022/10/15-11:46:19.131260 7ffa27d58040 	kBZip2Compression supported: 0
2022/10/15-11:46:19.131274 7ffa27d58040 	kZSTDNotFinalCompression supported: 0
2022/10/15-11:46:19.131277 7ffa27d58040 	kLZ4Compression supported: 0
2022/10/15-11:46:19.131278 7ffa27d58040 	kZlibCompression supported: 0
2022/10/15-11:46:19.131280 7ffa27d58040 	kLZ4HCCompression supported: 0
2022/10/15-11:46:19.131281 7ffa27d58040 	kSnappyCompression supported: 1
2022/10/15-11:46:19.131284 7ffa27d58040 Fast CRC32 supported: Not supported on x86
2022/10/15-11:46:19.165835 7ffa27d58040 [db/db_impl/db_impl_open.cc:285] Creating manifest 1 
2022/10/15-11:46:19.200722 7ffa27d58040 [db/version_set.cc:4626] Recovering from manifest file: 1/db/MANIFEST-000001
2022/10/15-11:46:19.200969 7ffa27d58040 [db/column_family.cc:596] --------------- Options for column family [default]:
2022/10/15-11:46:19.200972 7ffa27d58040               Options.comparator: leveldb.BytewiseComparator
2022/10/15-11:46:19.200974 7ffa27d58040           Options.merge_operator: None
2022/10/15-11:46:19.200976 7ffa27d58040        Options.compaction_filter: None
2022/10/15-11:46:19.200977 7ffa27d58040        Options.compaction_filter_factory: None
2022/10/15-11:46:19.200979 7ffa27d58040  Options.sst_partitioner_factory: None
2022/10/15-11:46:19.200980 7ffa27d58040         Options.memtable_factory: SkipListFactory
2022/10/15-11:46:19.200981 7ffa27d58040            Options.table_factory: BlockBasedTable
2022/10/15-11:46:19.201034 7ffa27d58040            table_factory options:   flush_block_policy_factory: FlushBlockBySizePolicyFactory (0x55cbaf99a030)
  cache_index_and_filter_blocks: 0
  cache_index_and_filter_blocks_with_high_priority: 1
  pin_l0_filter_and_index_blocks_in_cache: 0
  pin_top_level_index_and_filter: 1
  index_type: 0
  data_block_index_type: 0
  index_shortening: 1
  data_block_hash_table_util_ratio: 0.750000
  hash_index_allow_collision: 1
  checksum: 1
  no_block_cache: 0
  block_cache: 0x55cbaf9997c0
  block_cache_name: LRUCache
  block_cache_options:
    capacity : 8388608
    num_shard_bits : 4
    strict_capacity_limit : 0
    memory_allocator : None
    high_pri_pool_ratio: 0.000
  block_cache_compressed: (nil)
  persistent_cache: (nil)
  block_size: 4096
  block_size_deviation: 10
  block_restart_interval: 16
  index_block_restart_interval: 1
  metadata_block_size: 4096
  partition_filters: 0
  use_delta_encoding: 1
  filter_policy: nullptr
  whole_key_filtering: 1
  verify_compression: 0
  read_amp_bytes_per_bit: 0
  format_version: 5
  enable_index_compression: 1
  block_align: 0
2022/10/15-11:46:19.201054 7ffa27d58040        Options.write_buffer_size: 67108864
2022/10/15-11:46:19.201057 7ffa27d58040  Options.max_write_buffer_number: 2
2022/10/15-11:46:19.201058 7ffa27d58040          Options.compression: NoCompression
2022/10/15-11:46:19.201060 7ffa27d58040                  Options.bottommost_compression: Disabled
2022/10/15-11:46:19.201061 7ffa27d58040       Options.prefix_extractor: nullptr
2022/10/15-11:46:19.201062 7ffa27d58040   Options.memtable_insert_with_hint_prefix_extractor: nullptr
2022/10/15-11:46:19.201064 7ffa27d58040             Options.num_levels: 7
2022/10/15-11:46:19.201065 7ffa27d58040        Options.min_write_buffer_number_to_merge: 1
2022/10/15-11:46:19.201066 7ffa27d58040     Options.max_write_buffer_number_to_maintain: 0
2022/10/15-11:46:19.201068 7ffa27d58040     Options.max_write_buffer_size_to_maintain: 0
2022/10/15-11:46:19.201069 7ffa27d58040            Options.bottommost_compression_opts.window_bits: -14
2022/10/15-11:46:19.201070 7ffa27d58040                  Options.bottommost_compression_opts.level: 32767
2022/10/15-11:46:19.201072 7ffa27d58040               Options.bottommost_compression_opts.strategy: 0
2022/10/15-11:46:19.201073 7ffa27d58040         Options.bottommost_compression_opts.max_dict_bytes: 0
2022/10/15-11:46:19.201074 7ffa27d58040         Options.bottommost_compression_opts.zstd_max_train_bytes: 0
2022/10/15-11:46:19.201076 7ffa27d58040         Options.bottommost_compression_opts.parallel_threads: 1
2022/10/15-11:46:19.201077 7ffa27d58040                  Options.bottommost_compression_opts.enabled: false
2022/10/15-11:46:19.201126 7ffa27d58040         Options.bottommost_compression_opts.max_dict_buffer_bytes: 0
2022/10/15-11:46:19.201128 7ffa27d58040            Options.compression_opts.window_bits: -14
2022/10/15-11:46:19.201129 7ffa27d58040                  Options.compression_opts.level: 32767
2022/10/15-11:46:19.201130 7ffa27d58040               Options.compression_opts.strategy: 0
2022/10/15-11:46:19.201131 7ffa27d58040         Options.compression_opts.max_dict_bytes: 0
2022/10/15-11:46:19.201132 7ffa27d58040         Options.compression_opts.zstd_max_train_bytes: 0
2022/10/15-11:46:19.201133 7ffa27d58040         Options.compression_opts.parallel_threads: 1
2022/10/15-11:46:19.201134 7ffa27d58040                  Options.compression_opts.enabled: false
2022/10/15-11:46:19.201136 7ffa27d58040         Options.compression_opts.max_dict_buffer_bytes: 0
2022/10/15-11:46:19.201137 7ffa27d58040      Options.level0_file_num_compaction_trigger: 4
2022/10/15-11:46:19.201138 7ffa27d58040          Options.level0_slowdown_writes_trigger: 20
2022/10/15-11:46:19.201139 7ffa27d58040              Options.level0_stop_writes_trigger: 36
2022/10/15-11:46:19.201140 7ffa27d58040                   Options.target_file_size_base: 67108864
2022/10/15-11:46:19.201141 7ffa27d58040             Options.target_file_size_multiplier: 1
2022/10/15-11:46:19.201142 7ffa27d58040                Options.max_bytes_for_level_base: 268435456
2022/10/15-11:46:19.201144 7ffa27d58040 Options.level_compaction_dynamic_level_bytes: 0
2022/10/15-11:46:19.201145 7ffa27d58040          Options.max_bytes_for_level_multiplier: 10.000000
2022/10/15-11:46:19.201148 7ffa27d58040 Options.max_bytes_for_level_multiplier_addtl[0]: 1
2022/10/15-11:46:19.201149 7ffa27d58040 Options.max_bytes_for_level_multiplier_addtl[1]: 1
2022/10/15-11:46:19.201150 7ffa27d58040 Options.max_bytes_for_level_multiplier_addtl[2]: 1
2022/10/15-11:46:19.201152 7ffa27d58040 Options.max_bytes_for_level_multiplier_addtl[3]: 1
2022/10/15-11:46:19.201153 7ffa27d58040 Options.max_bytes_for_level_multiplier_addtl[4]: 1
2022/10/15-11:46:19.201154 7ffa27d58040 Options.max_bytes_for_level_multiplier_addtl[5]: 1
2022/10/15-11:46:19.201155 7ffa27d58040 Options.max_bytes_for_level_multiplier_addtl[6]: 1
2022/10/15-11:46:19.201156 7ffa27d58040       Options.max_sequential_skip_in_iterations: 8
2022/10/15-11:46:19.201157 7ffa27d58040                    Options.max_compaction_bytes: 1677721600
2022/10/15-11:46:19.201158 7ffa27d58040                        Options.arena_block_size: 8388608
2022/10/15-11:46:19.201160 7ffa27d58040   Options.soft_pending_compaction_bytes_limit: 68719476736
2022/10/15-11:46:19.201161 7ffa27d58040   Options.hard_pending_compaction_bytes_limit: 274877906944
2022/10/15-11:46:19.201162 7ffa27d58040       Options.rate_limit_delay_max_milliseconds: 100
2022/10/15-11:46:19.201163 7ffa27d58040                Options.disable_auto_compactions: 0
2022/10/15-11:46:19.201165 7ffa27d58040                        Options.compaction_style: kCompactionStyleLevel
2022/10/15-11:46:19.201167 7ffa27d58040                          Options.compaction_pri: kMinOverlappingRatio
2022/10/15-11:46:19.201169 7ffa27d58040 Options.compaction_options_universal.size_ratio: 1
2022/10/15-11:46:19.201170 7ffa27d58040 Options.compaction_options_universal.min_merge_width: 2
2022/10/15-11:46:19.201171 7ffa27d58040 Options.compaction_options_universal.max_merge_width: 4294967295
2022/10/15-11:46:19.201172 7ffa27d58040 Options.compaction_options_universal.max_size_amplification_percent: 200
2022/10/15-11:46:19.201173 7ffa27d58040 Options.compaction_options_universal.compression_size_percent: -1
2022/10/15-11:46:19.201175 7ffa27d58040 Options.compaction_options_universal.stop_style: kCompactionStopStyleTotalSize
2022/10/15-11:46:19.201176 7ffa27d58040 Options.compaction_options_fifo.max_table_files_size: 1073741824
2022/10/15-11:46:19.201177 7ffa27d58040 Options.compaction_options_fifo.allow_compaction: 0
2022/10/15-11:46:19.201188 7ffa27d58040                   Options.table_properties_collectors: 
2022/10/15-11:46:19.201189 7ffa27d58040                   Options.inplace_update_support: 0
2022/10/15-11:46:19.201201 7ffa27d58040                 Options.inplace_update_num_locks: 10000
2022/10/15-11:46:19.201203 7ffa27d58040               Options.memtable_prefix_bloom_size_ratio: 0.000000
2022/10/15-11:46:19.201205 7ffa27d58040               Options.memtable_whole_key_filtering: 0
2022/10/15-11:46:19.201206 7ffa27d58040   Options.memtable_huge_page_size: 0
2022/10/15-11:46:19.201207 7ffa27d58040                           Options.bloom_locality: 0
2022/10/15-11:46:19.201208 7ffa27d58040                    Options.max_successive_merges: 0
2022/10/15-11:46:19.201209 7ffa27d58040                Options.optimize_filters_for_hits: 0
2022/10/15-11:46:19.201210 7ffa27d58040                Options.paranoid_file_checks: 0
2022/10/15-11:46:19.201212 7ffa27d58040                Options.force_consistency_checks: 1
2022/10/15-11:46:19.201213 7ffa27d58040                Options.report_bg_io_stats: 0
2022/10/15-11:46:19.201214 7ffa27d58040                               Options.ttl: 2592000
2022/10/15-11:46:19.201215 7ffa27d58040          Options.periodic_compaction_seconds: 0
2022/10/15-11:46:19.201216 7ffa27d58040                    Options.enable_blob_files: false
2022/10/15-11:46:19.201217 7ffa27d58040                        Options.min_blob_size: 0
2022/10/15-11:46:19.201218 7ffa27d58040                       Options.blob_file_size: 268435456
2022/10/15-11:46:19.201220 7ffa27d58040                Options.blob_compression_type: NoCompression
2022/10/15-11:46:19.201221 7ffa27d58040       Options.enable_blob_garbage_collection: false
2022/10/15-11:46:19.201222 7ffa27d58040   Options.blob_garbage_collection_age_cutoff: 0.250000
2022/10/15-11:46:19.202325 7ffa27d58040 [db/version_set.cc:4666] Recovered from manifest file:1/db/MANIFEST-000001 succeeded,manifest_file_number is 1, next_file_number is 3, last_sequence is 0, log_number is 0,prev_log_number is 0,max_column_family is 0,min_log_number_to_keep is 0
2022/10/15-11:46:19.202340 7ffa27d58040 [db/version_set.cc:4681] Column family [default] (ID 0), log number is 0
2022/10/15-11:46:19.202504 7ffa27d58040 [db/version_set.cc:4118] Creating manifest 4
2022/10/15-11:46:19.233095 7ffa27d58040 [db/db_impl/db_impl_open.cc:1756] SstFileManager instance 0x55cbaf995d20
2022/10/15-11:46:19.233134 7ffa27d58040 DB pointer 0x55cbaf99efb0
2022/10/15-11:46:19.233873 7ff9fdffb640 [db/db_impl/db_impl.cc:931] ------- DUMPING STATS -------
2022/10/15-11:46:19.233929 7ff9fdffb640 [db/db_impl/db_impl.cc:933] 
** DB Stats **
Uptime(secs): 0.0 total, 0.0 interval
Cumulative writes: 0 writes, 0 keys, 0 commit groups, 0.0 writes per commit group, ingest: 0.00 GB, 0.00 MB/s
Cumulative WAL: 0 writes, 0 syncs, 0.00 writes per sync, written: 0.00 GB, 0.00 MB/s
Cumulative stall: 00:00:0.000 H:M:S, 0.0 percent
Interval writes: 0 writes, 0 keys, 0 commit groups, 0.0 writes per commit group, ingest: 0.00 MB, 0.00 MB/s
Interval WAL: 0 writes, 0 syncs, 0.00 writes per sync, written: 0.00 MB, 0.00 MB/s
Interval stall: 00:00:0.000 H:M:S, 0.0 percent

** Compaction Stats [default] **
Level    Files   Size     Score Read(GB)  Rn(GB) Rnp1(GB) Write(GB) Wnew(GB) Moved(GB) W-Amp Rd(MB/s) Wr(MB/s) Comp(sec) CompMergeCPU(sec) Comp(cnt) Avg(sec) KeyIn KeyDrop Rblob(GB) Wblob(GB)
------------------------------------------------------------------------------------------------------------------------------------------------------------------------------------------------
 Sum      0/0    0.00 KB   0.0      0.0     0.0      0.0       0.0      0.0       0.0   0.0      0.0      0.0      0.00              0.00         0    0.000       0      0       0.0       0.0
 Int      0/0    0.00 KB   0.0      0.0     0.0      0.0       0.0      0.0       0.0   0.0      0.0      0.0      0.00              0.00         0    0.000       0      0       0.0       0.0

** Compaction Stats [default] **
Priority    Files   Size     Score Read(GB)  Rn(GB) Rnp1(GB) Write(GB) Wnew(GB) Moved(GB) W-Amp Rd(MB/s) Wr(MB/s) Comp(sec) CompMergeCPU(sec) Comp(cnt) Avg(sec) KeyIn KeyDrop Rblob(GB) Wblob(GB)
---------------------------------------------------------------------------------------------------------------------------------------------------------------------------------------------------

Blob file count: 0, total size: 0.0 GB

Uptime(secs): 0.0 total, 0.0 interval
Flush(GB): cumulative 0.000, interval 0.000
AddFile(GB): cumulative 0.000, interval 0.000
AddFile(Total Files): cumulative 0, interval 0
AddFile(L0 Files): cumulative 0, interval 0
AddFile(Keys): cumulative 0, interval 0
Cumulative compaction: 0.00 GB write, 0.00 MB/s write, 0.00 GB read, 0.00 MB/s read, 0.0 seconds
Interval compaction: 0.00 GB write, 0.00 MB/s write, 0.00 GB read, 0.00 MB/s read, 0.0 seconds
Stalls(count): 0 level0_slowdown, 0 level0_slowdown_with_compaction, 0 level0_numfiles, 0 level0_numfiles_with_compaction, 0 stop for pending_compaction_bytes, 0 slowdown for pending_compaction_bytes, 0 memtable_compaction, 0 memtable_slowdown, interval 0 total count

** File Read Latency Histogram By Level [default] **

** Compaction Stats [default] **
Level    Files   Size     Score Read(GB)  Rn(GB) Rnp1(GB) Write(GB) Wnew(GB) Moved(GB) W-Amp Rd(MB/s) Wr(MB/s) Comp(sec) CompMergeCPU(sec) Comp(cnt) Avg(sec) KeyIn KeyDrop Rblob(GB) Wblob(GB)
------------------------------------------------------------------------------------------------------------------------------------------------------------------------------------------------
 Sum      0/0    0.00 KB   0.0      0.0     0.0      0.0       0.0      0.0       0.0   0.0      0.0      0.0      0.00              0.00         0    0.000       0      0       0.0       0.0
 Int      0/0    0.00 KB   0.0      0.0     0.0      0.0       0.0      0.0       0.0   0.0      0.0      0.0      0.00              0.00         0    0.000       0      0       0.0       0.0

** Compaction Stats [default] **
Priority    Files   Size     Score Read(GB)  Rn(GB) Rnp1(GB) Write(GB) Wnew(GB) Moved(GB) W-Amp Rd(MB/s) Wr(MB/s) Comp(sec) CompMergeCPU(sec) Comp(cnt) Avg(sec) KeyIn KeyDrop Rblob(GB) Wblob(GB)
---------------------------------------------------------------------------------------------------------------------------------------------------------------------------------------------------

Blob file count: 0, total size: 0.0 GB

Uptime(secs): 0.0 total, 0.0 interval
Flush(GB): cumulative 0.000, interval 0.000
AddFile(GB): cumulative 0.000, interval 0.000
AddFile(Total Files): cumulative 0, interval 0
AddFile(L0 Files): cumulative 0, interval 0
AddFile(Keys): cumulative 0, interval 0
Cumulative compaction: 0.00 GB write, 0.00 MB/s write, 0.00 GB read, 0.00 MB/s read, 0.0 seconds
Interval compaction: 0.00 GB write, 0.00 MB/s write, 0.00 GB read, 0.00 MB/s read, 0.0 seconds
Stalls(count): 0 level0_slowdown, 0 level0_slowdown_with_compaction, 0 level0_numfiles, 0 level0_numfiles_with_compaction, 0 stop for pending_compaction_bytes, 0 slowdown for pending_compaction_bytes, 0 memtable_compaction, 0 memtable_slowdown, interval 0 total count

** File Read Latency Histogram By Level [default] **
2022/10/15-11:46:19.236008 7ffa27d58040 [db/column_family.cc:596] --------------- Options for column family [__STATE_AGGREGATOR__]:
2022/10/15-11:46:19.236024 7ffa27d58040               Options.comparator: leveldb.BytewiseComparator
2022/10/15-11:46:19.236026 7ffa27d58040           Options.merge_operator: None
2022/10/15-11:46:19.236028 7ffa27d58040        Options.compaction_filter: None
2022/10/15-11:46:19.236029 7ffa27d58040        Options.compaction_filter_factory: None
2022/10/15-11:46:19.236031 7ffa27d58040  Options.sst_partitioner_factory: None
2022/10/15-11:46:19.236032 7ffa27d58040         Options.memtable_factory: SkipListFactory
2022/10/15-11:46:19.236033 7ffa27d58040            Options.table_factory: BlockBasedTable
2022/10/15-11:46:19.236100 7ffa27d58040            table_factory options:   flush_block_policy_factory: FlushBlockBySizePolicyFactory (0x55cbaf9f8360)
  cache_index_and_filter_blocks: 0
  cache_index_and_filter_blocks_with_high_priority: 1
  pin_l0_filter_and_index_blocks_in_cache: 0
  pin_top_level_index_and_filter: 1
  index_type: 0
  data_block_index_type: 0
  index_shortening: 1
  data_block_hash_table_util_ratio: 0.750000
  hash_index_allow_collision: 1
  checksum: 1
  no_block_cache: 0
  block_cache: 0x55cbaf9af370
  block_cache_name: LRUCache
  block_cache_options:
    capacity : 8388608
    num_shard_bits : 4
    strict_capacity_limit : 0
    memory_allocator : None
    high_pri_pool_ratio: 0.000
  block_cache_compressed: (nil)
  persistent_cache: (nil)
  block_size: 4096
  block_size_deviation: 10
  block_restart_interval: 16
  index_block_restart_interval: 1
  metadata_block_size: 4096
  partition_filters: 0
  use_delta_encoding: 1
  filter_policy: nullptr
  whole_key_filtering: 1
  verify_compression: 0
  read_amp_bytes_per_bit: 0
  format_version: 5
  enable_index_compression: 1
  block_align: 0
2022/10/15-11:46:19.236104 7ffa27d58040        Options.write_buffer_size: 67108864
2022/10/15-11:46:19.236105 7ffa27d58040  Options.max_write_buffer_number: 2
2022/10/15-11:46:19.236107 7ffa27d58040          Options.compression: NoCompression
2022/10/15-11:46:19.236109 7ffa27d58040                  Options.bottommost_compression: Disabled
2022/10/15-11:46:19.236111 7ffa27d58040       Options.prefix_extractor: nullptr
2022/10/15-11:46:19.236140 7ffa27d58040   Options.memtable_insert_with_hint_prefix_extractor: nullptr
2022/10/15-11:46:19.236142 7ffa27d58040             Options.num_levels: 7
2022/10/15-11:46:19.236143 7ffa27d58040        Options.min_write_buffer_number_to_merge: 1
2022/10/15-11:46:19.236145 7ffa27d58040     Options.max_write_buffer_number_to_maintain: 0
2022/10/15-11:46:19.236146 7ffa27d58040     Options.max_write_buffer_size_to_maintain: 0
2022/10/15-11:46:19.236148 7ffa27d58040            Options.bottommost_compression_opts.window_bits: -14
2022/10/15-11:46:19.236149 7ffa27d58040                  Options.bottommost_compression_opts.level: 32767
2022/10/15-11:46:19.236151 7ffa27d58040               Options.bottommost_compression_opts.strategy: 0
2022/10/15-11:46:19.236152 7ffa27d58040         Options.bottommost_compression_opts.max_dict_bytes: 0
2022/10/15-11:46:19.236154 7ffa27d58040         Options.bottommost_compression_opts.zstd_max_train_bytes: 0
2022/10/15-11:46:19.236156 7ffa27d58040         Options.bottommost_compression_opts.parallel_threads: 1
2022/10/15-11:46:19.236157 7ffa27d58040                  Options.bottommost_compression_opts.enabled: false
2022/10/15-11:46:19.236159 7ffa27d58040         Options.bottommost_compression_opts.max_dict_buffer_bytes: 0
2022/10/15-11:46:19.236160 7ffa27d58040            Options.compression_opts.window_bits: -14
2022/10/15-11:46:19.236162 7ffa27d58040                  Options.compression_opts.level: 32767
2022/10/15-11:46:19.236164 7ffa27d58040               Options.compression_opts.strategy: 0
2022/10/15-11:46:19.236165 7ffa27d58040         Options.compression_opts.max_dict_bytes: 0
2022/10/15-11:46:19.236166 7ffa27d58040         Options.compression_opts.zstd_max_train_bytes: 0
2022/10/15-11:46:19.236167 7ffa27d58040         Options.compression_opts.parallel_threads: 1
2022/10/15-11:46:19.236226 7ffa27d58040                  Options.compression_opts.enabled: false
2022/10/15-11:46:19.236229 7ffa27d58040         Options.compression_opts.max_dict_buffer_bytes: 0
2022/10/15-11:46:19.236230 7ffa27d58040      Options.level0_file_num_compaction_trigger: 4
2022/10/15-11:46:19.236232 7ffa27d58040          Options.level0_slowdown_writes_trigger: 20
2022/10/15-11:46:19.236233 7ffa27d58040              Options.level0_stop_writes_trigger: 36
2022/10/15-11:46:19.236235 7ffa27d58040                   Options.target_file_size_base: 67108864
2022/10/15-11:46:19.236236 7ffa27d58040             Options.target_file_size_multiplier: 1
2022/10/15-11:46:19.236237 7ffa27d58040                Options.max_bytes_for_level_base: 268435456
2022/10/15-11:46:19.236239 7ffa27d58040 Options.level_compaction_dynamic_level_bytes: 0
2022/10/15-11:46:19.236240 7ffa27d58040          Options.max_bytes_for_level_multiplier: 10.000000
2022/10/15-11:46:19.236244 7ffa27d58040 Options.max_bytes_for_level_multiplier_addtl[0]: 1
2022/10/15-11:46:19.236245 7ffa27d58040 Options.max_bytes_for_level_multiplier_addtl[1]: 1
2022/10/15-11:46:19.236247 7ffa27d58040 Options.max_bytes_for_level_multiplier_addtl[2]: 1
2022/10/15-11:46:19.236248 7ffa27d58040 Options.max_bytes_for_level_multiplier_addtl[3]: 1
2022/10/15-11:46:19.236249 7ffa27d58040 Options.max_bytes_for_level_multiplier_addtl[4]: 1
2022/10/15-11:46:19.236250 7ffa27d58040 Options.max_bytes_for_level_multiplier_addtl[5]: 1
2022/10/15-11:46:19.236252 7ffa27d58040 Options.max_bytes_for_level_multiplier_addtl[6]: 1
2022/10/15-11:46:19.236253 7ffa27d58040       Options.max_sequential_skip_in_iterations: 8
2022/10/15-11:46:19.236254 7ffa27d58040                    Options.max_compaction_bytes: 1677721600
2022/10/15-11:46:19.236256 7ffa27d58040                        Options.arena_block_size: 8388608
2022/10/15-11:46:19.236257 7ffa27d58040   Options.soft_pending_compaction_bytes_limit: 68719476736
2022/10/15-11:46:19.236259 7ffa27d58040   Options.hard_pending_compaction_bytes_limit: 274877906944
2022/10/15-11:46:19.236260 7ffa27d58040       Options.rate_limit_delay_max_milliseconds: 100
2022/10/15-11:46:19.236262 7ffa27d58040                Options.disable_auto_compactions: 0
2022/10/15-11:46:19.236265 7ffa27d58040                        Options.compaction_style: kCompactionStyleLevel
2022/10/15-11:46:19.236267 7ffa27d58040                          Options.compaction_pri: kMinOverlappingRatio
2022/10/15-11:46:19.236296 7ffa27d58040 Options.compaction_options_universal.size_ratio: 1
2022/10/15-11:46:19.236298 7ffa27d58040 Options.compaction_options_universal.min_merge_width: 2
2022/10/15-11:46:19.236299 7ffa27d58040 Options.compaction_options_universal.max_merge_width: 4294967295
2022/10/15-11:46:19.236301 7ffa27d58040 Options.compaction_options_universal.max_size_amplification_percent: 200
2022/10/15-11:46:19.236303 7ffa27d58040 Options.compaction_options_universal.compression_size_percent: -1
2022/10/15-11:46:19.236306 7ffa27d58040 Options.compaction_options_universal.stop_style: kCompactionStopStyleTotalSize
2022/10/15-11:46:19.236307 7ffa27d58040 Options.compaction_options_fifo.max_table_files_size: 1073741824
2022/10/15-11:46:19.236309 7ffa27d58040 Options.compaction_options_fifo.allow_compaction: 0
2022/10/15-11:46:19.236319 7ffa27d58040                   Options.table_properties_collectors: 
2022/10/15-11:46:19.236321 7ffa27d58040                   Options.inplace_update_support: 0
2022/10/15-11:46:19.236322 7ffa27d58040                 Options.inplace_update_num_locks: 10000
2022/10/15-11:46:19.236323 7ffa27d58040               Options.memtable_prefix_bloom_size_ratio: 0.000000
2022/10/15-11:46:19.236326 7ffa27d58040               Options.memtable_whole_key_filtering: 0
2022/10/15-11:46:19.236327 7ffa27d58040   Options.memtable_huge_page_size: 0
2022/10/15-11:46:19.236328 7ffa27d58040                           Options.bloom_locality: 0
2022/10/15-11:46:19.236329 7ffa27d58040                    Options.max_successive_merges: 0
2022/10/15-11:46:19.236330 7ffa27d58040                Options.optimize_filters_for_hits: 0
2022/10/15-11:46:19.236359 7ffa27d58040                Options.paranoid_file_checks: 0
2022/10/15-11:46:19.236361 7ffa27d58040                Options.force_consistency_checks: 1
2022/10/15-11:46:19.236362 7ffa27d58040                Options.report_bg_io_stats: 0
2022/10/15-11:46:19.236363 7ffa27d58040                               Options.ttl: 2592000
2022/10/15-11:46:19.236364 7ffa27d58040          Options.periodic_compaction_seconds: 0
2022/10/15-11:46:19.236366 7ffa27d58040                    Options.enable_blob_files: false
2022/10/15-11:46:19.236367 7ffa27d58040                        Options.min_blob_size: 0
2022/10/15-11:46:19.236369 7ffa27d58040                       Options.blob_file_size: 268435456
2022/10/15-11:46:19.236370 7ffa27d58040                Options.blob_compression_type: NoCompression
2022/10/15-11:46:19.236372 7ffa27d58040       Options.enable_blob_garbage_collection: false
2022/10/15-11:46:19.236373 7ffa27d58040   Options.blob_garbage_collection_age_cutoff: 0.250000
2022/10/15-11:46:19.236468 7ffa27d58040 [db/db_impl/db_impl.cc:2660] Created column family [__STATE_AGGREGATOR__] (ID 1)
2022/10/15-11:46:19.243996 7ffa27d58040 [db/column_family.cc:596] --------------- Options for column family [__INDEXES_POOL__]:
2022/10/15-11:46:19.244010 7ffa27d58040               Options.comparator: leveldb.BytewiseComparator
2022/10/15-11:46:19.244013 7ffa27d58040           Options.merge_operator: None
2022/10/15-11:46:19.244015 7ffa27d58040        Options.compaction_filter: None
2022/10/15-11:46:19.244016 7ffa27d58040        Options.compaction_filter_factory: None
2022/10/15-11:46:19.244017 7ffa27d58040  Options.sst_partitioner_factory: None
2022/10/15-11:46:19.244019 7ffa27d58040         Options.memtable_factory: SkipListFactory
2022/10/15-11:46:19.244020 7ffa27d58040            Options.table_factory: BlockBasedTable
2022/10/15-11:46:19.244063 7ffa27d58040            table_factory options:   flush_block_policy_factory: FlushBlockBySizePolicyFactory (0x55cbaf9ec040)
  cache_index_and_filter_blocks: 0
  cache_index_and_filter_blocks_with_high_priority: 1
  pin_l0_filter_and_index_blocks_in_cache: 0
  pin_top_level_index_and_filter: 1
  index_type: 0
  data_block_index_type: 0
  index_shortening: 1
  data_block_hash_table_util_ratio: 0.750000
  hash_index_allow_collision: 1
  checksum: 1
  no_block_cache: 0
  block_cache: 0x55cbaf9968d0
  block_cache_name: LRUCache
  block_cache_options:
    capacity : 8388608
    num_shard_bits : 4
    strict_capacity_limit : 0
    memory_allocator : None
    high_pri_pool_ratio: 0.000
  block_cache_compressed: (nil)
  persistent_cache: (nil)
  block_size: 4096
  block_size_deviation: 10
  block_restart_interval: 16
  index_block_restart_interval: 1
  metadata_block_size: 4096
  partition_filters: 0
  use_delta_encoding: 1
  filter_policy: nullptr
  whole_key_filtering: 1
  verify_compression: 0
  read_amp_bytes_per_bit: 0
  format_version: 5
  enable_index_compression: 1
  block_align: 0
2022/10/15-11:46:19.244067 7ffa27d58040        Options.write_buffer_size: 67108864
2022/10/15-11:46:19.244068 7ffa27d58040  Options.max_write_buffer_number: 2
2022/10/15-11:46:19.244070 7ffa27d58040          Options.compression: NoCompression
2022/10/15-11:46:19.244071 7ffa27d58040                  Options.bottommost_compression: Disabled
2022/10/15-11:46:19.244073 7ffa27d58040       Options.prefix_extractor: nullptr
2022/10/15-11:46:19.244074 7ffa27d58040   Options.memtable_insert_with_hint_prefix_extractor: nullptr
2022/10/15-11:46:19.244075 7ffa27d58040             Options.num_levels: 7
2022/10/15-11:46:19.244076 7ffa27d58040        Options.min_write_buffer_number_to_merge: 1
2022/10/15-11:46:19.244077 7ffa27d58040     Options.max_write_buffer_number_to_maintain: 0
2022/10/15-11:46:19.244079 7ffa27d58040     Options.max_write_buffer_size_to_maintain: 0
2022/10/15-11:46:19.244080 7ffa27d58040            Options.bottommost_compression_opts.window_bits: -14
2022/10/15-11:46:19.244081 7ffa27d58040                  Options.bottommost_compression_opts.level: 32767
2022/10/15-11:46:19.244083 7ffa27d58040               Options.bottommost_compression_opts.strategy: 0
2022/10/15-11:46:19.244084 7ffa27d58040         Options.bottommost_compression_opts.max_dict_bytes: 0
2022/10/15-11:46:19.244086 7ffa27d58040         Options.bottommost_compression_opts.zstd_max_train_bytes: 0
2022/10/15-11:46:19.244087 7ffa27d58040         Options.bottommost_compression_opts.parallel_threads: 1
2022/10/15-11:46:19.244088 7ffa27d58040                  Options.bottommost_compression_opts.enabled: false
2022/10/15-11:46:19.244089 7ffa27d58040         Options.bottommost_compression_opts.max_dict_buffer_bytes: 0
2022/10/15-11:46:19.244091 7ffa27d58040            Options.compression_opts.window_bits: -14
2022/10/15-11:46:19.244092 7ffa27d58040                  Options.compression_opts.level: 32767
2022/10/15-11:46:19.244093 7ffa27d58040               Options.compression_opts.strategy: 0
2022/10/15-11:46:19.244094 7ffa27d58040         Options.compression_opts.max_dict_bytes: 0
2022/10/15-11:46:19.244095 7ffa27d58040         Options.compression_opts.zstd_max_train_bytes: 0
2022/10/15-11:46:19.244096 7ffa27d58040         Options.compression_opts.parallel_threads: 1
2022/10/15-11:46:19.244165 7ffa27d58040                  Options.compression_opts.enabled: false
2022/10/15-11:46:19.244168 7ffa27d58040         Options.compression_opts.max_dict_buffer_bytes: 0
2022/10/15-11:46:19.244170 7ffa27d58040      Options.level0_file_num_compaction_trigger: 4
2022/10/15-11:46:19.244171 7ffa27d58040          Options.level0_slowdown_writes_trigger: 20
2022/10/15-11:46:19.244173 7ffa27d58040              Options.level0_stop_writes_trigger: 36
2022/10/15-11:46:19.244174 7ffa27d58040                   Options.target_file_size_base: 67108864
2022/10/15-11:46:19.244175 7ffa27d58040             Options.target_file_size_multiplier: 1
2022/10/15-11:46:19.244177 7ffa27d58040                Options.max_bytes_for_level_base: 268435456
2022/10/15-11:46:19.244178 7ffa27d58040 Options.level_compaction_dynamic_level_bytes: 0
2022/10/15-11:46:19.244180 7ffa27d58040          Options.max_bytes_for_level_multiplier: 10.000000
2022/10/15-11:46:19.244183 7ffa27d58040 Options.max_bytes_for_level_multiplier_addtl[0]: 1
2022/10/15-11:46:19.244185 7ffa27d58040 Options.max_bytes_for_level_multiplier_addtl[1]: 1
2022/10/15-11:46:19.244187 7ffa27d58040 Options.max_bytes_for_level_multiplier_addtl[2]: 1
2022/10/15-11:46:19.244188 7ffa27d58040 Options.max_bytes_for_level_multiplier_addtl[3]: 1
2022/10/15-11:46:19.244189 7ffa27d58040 Options.max_bytes_for_level_multiplier_addtl[4]: 1
2022/10/15-11:46:19.244191 7ffa27d58040 Options.max_bytes_for_level_multiplier_addtl[5]: 1
2022/10/15-11:46:19.244192 7ffa27d58040 Options.max_bytes_for_level_multiplier_addtl[6]: 1
2022/10/15-11:46:19.244193 7ffa27d58040       Options.max_sequential_skip_in_iterations: 8
2022/10/15-11:46:19.244195 7ffa27d58040                    Options.max_compaction_bytes: 1677721600
2022/10/15-11:46:19.244196 7ffa27d58040                        Options.arena_block_size: 8388608
2022/10/15-11:46:19.244198 7ffa27d58040   Options.soft_pending_compaction_bytes_limit: 68719476736
2022/10/15-11:46:19.244199 7ffa27d58040   Options.hard_pending_compaction_bytes_limit: 274877906944
2022/10/15-11:46:19.244200 7ffa27d58040       Options.rate_limit_delay_max_milliseconds: 100
2022/10/15-11:46:19.244201 7ffa27d58040                Options.disable_auto_compactions: 0
2022/10/15-11:46:19.244204 7ffa27d58040                        Options.compaction_style: kCompactionStyleLevel
2022/10/15-11:46:19.244206 7ffa27d58040                          Options.compaction_pri: kMinOverlappingRatio
2022/10/15-11:46:19.244207 7ffa27d58040 Options.compaction_options_universal.size_ratio: 1
2022/10/15-11:46:19.244208 7ffa27d58040 Options.compaction_options_universal.min_merge_width: 2
2022/10/15-11:46:19.244210 7ffa27d58040 Options.compaction_options_universal.max_merge_width: 4294967295
