2022/11/12-16:41:21.580089 20db42500 RocksDB version: 6.20.3
2022/11/12-16:41:21.580630 20db42500 Git sha 8608d75d85f8e1b3b64b73a4fb6d19baec61ba5c
2022/11/12-16:41:21.580631 20db42500 Compile date 2021-05-05 20:35:30
2022/11/12-16:41:21.580645 20db42500 DB SUMMARY
2022/11/12-16:41:21.580646 20db42500 DB Session ID:  EGJQKMRL4GX1V6VJYSY3
2022/11/12-16:41:21.580671 20db42500 SST files in example/1/db dir, Total Num: 0, files: 
2022/11/12-16:41:21.580672 20db42500 Write Ahead Log file in example/1/db: 
2022/11/12-16:41:21.580672 20db42500                         Options.error_if_exists: 0
2022/11/12-16:41:21.580673 20db42500                       Options.create_if_missing: 1
2022/11/12-16:41:21.580674 20db42500                         Options.paranoid_checks: 1
2022/11/12-16:41:21.580674 20db42500                               Options.track_and_verify_wals_in_manifest: 0
2022/11/12-16:41:21.580675 20db42500                                     Options.env: 0x105aa7160
2022/11/12-16:41:21.580675 20db42500                                      Options.fs: Posix File System
2022/11/12-16:41:21.580676 20db42500                                Options.info_log: 0x138f06de0
2022/11/12-16:41:21.580677 20db42500                Options.max_file_opening_threads: 16
2022/11/12-16:41:21.580677 20db42500                              Options.statistics: 0x0
2022/11/12-16:41:21.580678 20db42500                               Options.use_fsync: 0
2022/11/12-16:41:21.580678 20db42500                       Options.max_log_file_size: 0
2022/11/12-16:41:21.580679 20db42500                  Options.max_manifest_file_size: 1073741824
2022/11/12-16:41:21.580679 20db42500                   Options.log_file_time_to_roll: 0
2022/11/12-16:41:21.580680 20db42500                       Options.keep_log_file_num: 1000
2022/11/12-16:41:21.580681 20db42500                    Options.recycle_log_file_num: 0
2022/11/12-16:41:21.580681 20db42500                         Options.allow_fallocate: 1
2022/11/12-16:41:21.580682 20db42500                        Options.allow_mmap_reads: 0
2022/11/12-16:41:21.580682 20db42500                       Options.allow_mmap_writes: 0
2022/11/12-16:41:21.580683 20db42500                        Options.use_direct_reads: 0
2022/11/12-16:41:21.580683 20db42500                        Options.use_direct_io_for_flush_and_compaction: 0
2022/11/12-16:41:21.580684 20db42500          Options.create_missing_column_families: 0
2022/11/12-16:41:21.580684 20db42500                              Options.db_log_dir: 
2022/11/12-16:41:21.580685 20db42500                                 Options.wal_dir: example/1/db
2022/11/12-16:41:21.580685 20db42500                Options.table_cache_numshardbits: 6
2022/11/12-16:41:21.580686 20db42500                         Options.WAL_ttl_seconds: 0
2022/11/12-16:41:21.580686 20db42500                       Options.WAL_size_limit_MB: 0
2022/11/12-16:41:21.580687 20db42500                        Options.max_write_batch_group_size_bytes: 1048576
2022/11/12-16:41:21.580687 20db42500             Options.manifest_preallocation_size: 4194304
2022/11/12-16:41:21.580688 20db42500                     Options.is_fd_close_on_exec: 1
2022/11/12-16:41:21.580688 20db42500                   Options.advise_random_on_open: 1
2022/11/12-16:41:21.580689 20db42500                    Options.db_write_buffer_size: 0
2022/11/12-16:41:21.580689 20db42500                    Options.write_buffer_manager: 0x138f06db0
2022/11/12-16:41:21.580690 20db42500         Options.access_hint_on_compaction_start: 1
2022/11/12-16:41:21.580690 20db42500  Options.new_table_reader_for_compaction_inputs: 0
2022/11/12-16:41:21.580691 20db42500           Options.random_access_max_buffer_size: 1048576
2022/11/12-16:41:21.580691 20db42500                      Options.use_adaptive_mutex: 0
2022/11/12-16:41:21.580692 20db42500                            Options.rate_limiter: 0x0
2022/11/12-16:41:21.580693 20db42500     Options.sst_file_manager.rate_bytes_per_sec: 0
2022/11/12-16:41:21.580693 20db42500                       Options.wal_recovery_mode: 2
2022/11/12-16:41:21.580694 20db42500                  Options.enable_thread_tracking: 0
2022/11/12-16:41:21.580706 20db42500                  Options.enable_pipelined_write: 0
2022/11/12-16:41:21.580706 20db42500                  Options.unordered_write: 0
2022/11/12-16:41:21.580707 20db42500         Options.allow_concurrent_memtable_write: 1
2022/11/12-16:41:21.580707 20db42500      Options.enable_write_thread_adaptive_yield: 1
2022/11/12-16:41:21.580708 20db42500             Options.write_thread_max_yield_usec: 100
2022/11/12-16:41:21.580709 20db42500            Options.write_thread_slow_yield_usec: 3
2022/11/12-16:41:21.580709 20db42500                               Options.row_cache: None
2022/11/12-16:41:21.580710 20db42500                              Options.wal_filter: None
2022/11/12-16:41:21.580710 20db42500             Options.avoid_flush_during_recovery: 0
2022/11/12-16:41:21.580711 20db42500             Options.allow_ingest_behind: 0
2022/11/12-16:41:21.580711 20db42500             Options.preserve_deletes: 0
2022/11/12-16:41:21.580712 20db42500             Options.two_write_queues: 0
2022/11/12-16:41:21.580712 20db42500             Options.manual_wal_flush: 0
2022/11/12-16:41:21.580713 20db42500             Options.atomic_flush: 0
2022/11/12-16:41:21.580713 20db42500             Options.avoid_unnecessary_blocking_io: 0
2022/11/12-16:41:21.580714 20db42500                 Options.persist_stats_to_disk: 0
2022/11/12-16:41:21.580715 20db42500                 Options.write_dbid_to_manifest: 0
2022/11/12-16:41:21.580715 20db42500                 Options.log_readahead_size: 0
2022/11/12-16:41:21.580716 20db42500                 Options.file_checksum_gen_factory: Unknown
2022/11/12-16:41:21.580716 20db42500                 Options.best_efforts_recovery: 0
2022/11/12-16:41:21.580717 20db42500                Options.max_bgerror_resume_count: 2147483647
2022/11/12-16:41:21.580717 20db42500            Options.bgerror_resume_retry_interval: 1000000
2022/11/12-16:41:21.580718 20db42500             Options.allow_data_in_errors: 0
2022/11/12-16:41:21.580719 20db42500             Options.db_host_id: __hostname__
2022/11/12-16:41:21.580719 20db42500             Options.max_background_jobs: 2
2022/11/12-16:41:21.580720 20db42500             Options.max_background_compactions: -1
2022/11/12-16:41:21.580720 20db42500             Options.max_subcompactions: 1
2022/11/12-16:41:21.580721 20db42500             Options.avoid_flush_during_shutdown: 0
2022/11/12-16:41:21.580721 20db42500           Options.writable_file_max_buffer_size: 1048576
2022/11/12-16:41:21.580722 20db42500             Options.delayed_write_rate : 16777216
2022/11/12-16:41:21.580722 20db42500             Options.max_total_wal_size: 0
2022/11/12-16:41:21.580723 20db42500             Options.delete_obsolete_files_period_micros: 21600000000
2022/11/12-16:41:21.580723 20db42500                   Options.stats_dump_period_sec: 600
2022/11/12-16:41:21.580724 20db42500                 Options.stats_persist_period_sec: 600
2022/11/12-16:41:21.580725 20db42500                 Options.stats_history_buffer_size: 1048576
2022/11/12-16:41:21.580725 20db42500                          Options.max_open_files: -1
2022/11/12-16:41:21.580726 20db42500                          Options.bytes_per_sync: 0
2022/11/12-16:41:21.580726 20db42500                      Options.wal_bytes_per_sync: 0
2022/11/12-16:41:21.580727 20db42500                   Options.strict_bytes_per_sync: 0
2022/11/12-16:41:21.580727 20db42500       Options.compaction_readahead_size: 0
2022/11/12-16:41:21.580728 20db42500                  Options.max_background_flushes: -1
2022/11/12-16:41:21.580728 20db42500 Compression algorithms supported:
2022/11/12-16:41:21.580729 20db42500 	kZSTD supported: 0
2022/11/12-16:41:21.580730 20db42500 	kZlibCompression supported: 0
2022/11/12-16:41:21.580730 20db42500 	kXpressCompression supported: 0
2022/11/12-16:41:21.580731 20db42500 	kSnappyCompression supported: 1
2022/11/12-16:41:21.580732 20db42500 	kZSTDNotFinalCompression supported: 0
2022/11/12-16:41:21.580732 20db42500 	kLZ4HCCompression supported: 0
2022/11/12-16:41:21.580733 20db42500 	kLZ4Compression supported: 0
2022/11/12-16:41:21.580743 20db42500 	kBZip2Compression supported: 0
2022/11/12-16:41:21.580749 20db42500 Fast CRC32 supported: Supported on Arm64
2022/11/12-16:41:21.581344 20db42500 [db/db_impl/db_impl_open.cc:285] Creating manifest 1 
2022/11/12-16:41:21.581587 20db42500 [db/version_set.cc:4627] Recovering from manifest file: example/1/db/MANIFEST-000001
2022/11/12-16:41:21.581647 20db42500 [db/column_family.cc:598] --------------- Options for column family [default]:
2022/11/12-16:41:21.581648 20db42500               Options.comparator: leveldb.BytewiseComparator
2022/11/12-16:41:21.581649 20db42500           Options.merge_operator: None
2022/11/12-16:41:21.581650 20db42500        Options.compaction_filter: None
2022/11/12-16:41:21.581650 20db42500        Options.compaction_filter_factory: None
2022/11/12-16:41:21.581651 20db42500  Options.sst_partitioner_factory: None
2022/11/12-16:41:21.581651 20db42500         Options.memtable_factory: SkipListFactory
2022/11/12-16:41:21.581652 20db42500            Options.table_factory: BlockBasedTable
2022/11/12-16:41:21.581665 20db42500            table_factory options:   flush_block_policy_factory: FlushBlockBySizePolicyFactory (0x138f05e20)
  cache_index_and_filter_blocks: 0
  cache_index_and_filter_blocks_with_high_priority: 1
  pin_l0_filter_and_index_blocks_in_cache: 0
  pin_top_level_index_and_filter: 1
  index_type: 0
  data_block_index_type: 0
  index_shortening: 1
  data_block_hash_table_util_ratio: 0.750000
  hash_index_allow_collision: 1
  checksum: 1
  no_block_cache: 0
  block_cache: 0x138f05e68
  block_cache_name: LRUCache
  block_cache_options:
    capacity : 8388608
    num_shard_bits : 4
    strict_capacity_limit : 0
    memory_allocator : None
    high_pri_pool_ratio: 0.000
  block_cache_compressed: 0x0
  persistent_cache: 0x0
  block_size: 4096
  block_size_deviation: 10
  block_restart_interval: 16
  index_block_restart_interval: 1
  metadata_block_size: 4096
  partition_filters: 0
  use_delta_encoding: 1
  filter_policy: nullptr
  whole_key_filtering: 1
  verify_compression: 0
  read_amp_bytes_per_bit: 0
  format_version: 5
  enable_index_compression: 1
  block_align: 0
2022/11/12-16:41:21.581666 20db42500        Options.write_buffer_size: 67108864
2022/11/12-16:41:21.581667 20db42500  Options.max_write_buffer_number: 2
2022/11/12-16:41:21.581667 20db42500          Options.compression: NoCompression
2022/11/12-16:41:21.581668 20db42500                  Options.bottommost_compression: Disabled
2022/11/12-16:41:21.581669 20db42500       Options.prefix_extractor: nullptr
2022/11/12-16:41:21.581669 20db42500   Options.memtable_insert_with_hint_prefix_extractor: nullptr
2022/11/12-16:41:21.581670 20db42500             Options.num_levels: 7
2022/11/12-16:41:21.581670 20db42500        Options.min_write_buffer_number_to_merge: 1
2022/11/12-16:41:21.581671 20db42500     Options.max_write_buffer_number_to_maintain: 0
2022/11/12-16:41:21.581671 20db42500     Options.max_write_buffer_size_to_maintain: 0
2022/11/12-16:41:21.581672 20db42500            Options.bottommost_compression_opts.window_bits: -14
2022/11/12-16:41:21.581673 20db42500                  Options.bottommost_compression_opts.level: 32767
2022/11/12-16:41:21.581673 20db42500               Options.bottommost_compression_opts.strategy: 0
2022/11/12-16:41:21.581674 20db42500         Options.bottommost_compression_opts.max_dict_bytes: 0
2022/11/12-16:41:21.581674 20db42500         Options.bottommost_compression_opts.zstd_max_train_bytes: 0
2022/11/12-16:41:21.581675 20db42500         Options.bottommost_compression_opts.parallel_threads: 1
2022/11/12-16:41:21.581675 20db42500                  Options.bottommost_compression_opts.enabled: false
2022/11/12-16:41:21.581676 20db42500         Options.bottommost_compression_opts.max_dict_buffer_bytes: 0
2022/11/12-16:41:21.581677 20db42500            Options.compression_opts.window_bits: -14
2022/11/12-16:41:21.581677 20db42500                  Options.compression_opts.level: 32767
2022/11/12-16:41:21.581678 20db42500               Options.compression_opts.strategy: 0
2022/11/12-16:41:21.581690 20db42500         Options.compression_opts.max_dict_bytes: 0
2022/11/12-16:41:21.581691 20db42500         Options.compression_opts.zstd_max_train_bytes: 0
2022/11/12-16:41:21.581691 20db42500         Options.compression_opts.parallel_threads: 1
2022/11/12-16:41:21.581692 20db42500                  Options.compression_opts.enabled: false
2022/11/12-16:41:21.581692 20db42500         Options.compression_opts.max_dict_buffer_bytes: 0
2022/11/12-16:41:21.581693 20db42500      Options.level0_file_num_compaction_trigger: 4
2022/11/12-16:41:21.581693 20db42500          Options.level0_slowdown_writes_trigger: 20
2022/11/12-16:41:21.581694 20db42500              Options.level0_stop_writes_trigger: 36
2022/11/12-16:41:21.581695 20db42500                   Options.target_file_size_base: 67108864
2022/11/12-16:41:21.581695 20db42500             Options.target_file_size_multiplier: 1
2022/11/12-16:41:21.581696 20db42500                Options.max_bytes_for_level_base: 268435456
2022/11/12-16:41:21.581696 20db42500 Options.level_compaction_dynamic_level_bytes: 0
2022/11/12-16:41:21.581697 20db42500          Options.max_bytes_for_level_multiplier: 10.000000
2022/11/12-16:41:21.581698 20db42500 Options.max_bytes_for_level_multiplier_addtl[0]: 1
2022/11/12-16:41:21.581698 20db42500 Options.max_bytes_for_level_multiplier_addtl[1]: 1
2022/11/12-16:41:21.581699 20db42500 Options.max_bytes_for_level_multiplier_addtl[2]: 1
2022/11/12-16:41:21.581699 20db42500 Options.max_bytes_for_level_multiplier_addtl[3]: 1
2022/11/12-16:41:21.581700 20db42500 Options.max_bytes_for_level_multiplier_addtl[4]: 1
2022/11/12-16:41:21.581700 20db42500 Options.max_bytes_for_level_multiplier_addtl[5]: 1
2022/11/12-16:41:21.581701 20db42500 Options.max_bytes_for_level_multiplier_addtl[6]: 1
2022/11/12-16:41:21.581701 20db42500       Options.max_sequential_skip_in_iterations: 8
2022/11/12-16:41:21.581702 20db42500                    Options.max_compaction_bytes: 1677721600
2022/11/12-16:41:21.581703 20db42500                        Options.arena_block_size: 8388608
2022/11/12-16:41:21.581703 20db42500   Options.soft_pending_compaction_bytes_limit: 68719476736
2022/11/12-16:41:21.581704 20db42500   Options.hard_pending_compaction_bytes_limit: 274877906944
2022/11/12-16:41:21.581704 20db42500       Options.rate_limit_delay_max_milliseconds: 100
2022/11/12-16:41:21.581705 20db42500                Options.disable_auto_compactions: 0
2022/11/12-16:41:21.581706 20db42500                        Options.compaction_style: kCompactionStyleLevel
2022/11/12-16:41:21.581706 20db42500                          Options.compaction_pri: kMinOverlappingRatio
2022/11/12-16:41:21.581707 20db42500 Options.compaction_options_universal.size_ratio: 1
2022/11/12-16:41:21.581708 20db42500 Options.compaction_options_universal.min_merge_width: 2
2022/11/12-16:41:21.581708 20db42500 Options.compaction_options_universal.max_merge_width: 4294967295
2022/11/12-16:41:21.581709 20db42500 Options.compaction_options_universal.max_size_amplification_percent: 200
2022/11/12-16:41:21.581709 20db42500 Options.compaction_options_universal.compression_size_percent: -1
2022/11/12-16:41:21.581710 20db42500 Options.compaction_options_universal.stop_style: kCompactionStopStyleTotalSize
2022/11/12-16:41:21.581711 20db42500 Options.compaction_options_fifo.max_table_files_size: 1073741824
2022/11/12-16:41:21.581711 20db42500 Options.compaction_options_fifo.allow_compaction: 0
2022/11/12-16:41:21.581715 20db42500                   Options.table_properties_collectors: 
2022/11/12-16:41:21.581716 20db42500                   Options.inplace_update_support: 0
2022/11/12-16:41:21.581716 20db42500                 Options.inplace_update_num_locks: 10000
2022/11/12-16:41:21.581717 20db42500               Options.memtable_prefix_bloom_size_ratio: 0.000000
2022/11/12-16:41:21.581717 20db42500               Options.memtable_whole_key_filtering: 0
2022/11/12-16:41:21.581718 20db42500   Options.memtable_huge_page_size: 0
2022/11/12-16:41:21.581719 20db42500                           Options.bloom_locality: 0
2022/11/12-16:41:21.581726 20db42500                    Options.max_successive_merges: 0
2022/11/12-16:41:21.581727 20db42500                Options.optimize_filters_for_hits: 0
2022/11/12-16:41:21.581728 20db42500                Options.paranoid_file_checks: 0
2022/11/12-16:41:21.581728 20db42500                Options.force_consistency_checks: 1
2022/11/12-16:41:21.581729 20db42500                Options.report_bg_io_stats: 0
2022/11/12-16:41:21.581729 20db42500                               Options.ttl: 2592000
2022/11/12-16:41:21.581730 20db42500          Options.periodic_compaction_seconds: 0
2022/11/12-16:41:21.581730 20db42500                    Options.enable_blob_files: false
2022/11/12-16:41:21.581731 20db42500                        Options.min_blob_size: 0
2022/11/12-16:41:21.581732 20db42500                       Options.blob_file_size: 268435456
2022/11/12-16:41:21.581732 20db42500                Options.blob_compression_type: NoCompression
2022/11/12-16:41:21.581733 20db42500       Options.enable_blob_garbage_collection: false
2022/11/12-16:41:21.581733 20db42500   Options.blob_garbage_collection_age_cutoff: 0.250000
2022/11/12-16:41:21.581991 20db42500 [db/version_set.cc:4675] Recovered from manifest file:example/1/db/MANIFEST-000001 succeeded,manifest_file_number is 1, next_file_number is 3, last_sequence is 0, log_number is 0,prev_log_number is 0,max_column_family is 0,min_log_number_to_keep is 0
2022/11/12-16:41:21.581993 20db42500 [db/version_set.cc:4684] Column family [default] (ID 0), log number is 0
2022/11/12-16:41:21.582055 20db42500 [db/version_set.cc:4119] Creating manifest 4
2022/11/12-16:41:21.583134 20db42500 [db/db_impl/db_impl_open.cc:1757] SstFileManager instance 0x138f06f80
2022/11/12-16:41:21.583153 20db42500 DB pointer 0x13980fa00
2022/11/12-16:41:21.583249 16c287000 [db/db_impl/db_impl.cc:932] ------- DUMPING STATS -------
2022/11/12-16:41:21.583251 16c287000 [db/db_impl/db_impl.cc:933] 
** DB Stats **
Uptime(secs): 0.0 total, 0.0 interval
Cumulative writes: 0 writes, 0 keys, 0 commit groups, 0.0 writes per commit group, ingest: 0.00 GB, 0.00 MB/s
Cumulative WAL: 0 writes, 0 syncs, 0.00 writes per sync, written: 0.00 GB, 0.00 MB/s
Cumulative stall: 00:00:0.000 H:M:S, 0.0 percent
Interval writes: 0 writes, 0 keys, 0 commit groups, 0.0 writes per commit group, ingest: 0.00 MB, 0.00 MB/s
Interval WAL: 0 writes, 0 syncs, 0.00 writes per sync, written: 0.00 MB, 0.00 MB/s
Interval stall: 00:00:0.000 H:M:S, 0.0 percent

** Compaction Stats [default] **
Level    Files   Size     Score Read(GB)  Rn(GB) Rnp1(GB) Write(GB) Wnew(GB) Moved(GB) W-Amp Rd(MB/s) Wr(MB/s) Comp(sec) CompMergeCPU(sec) Comp(cnt) Avg(sec) KeyIn KeyDrop Rblob(GB) Wblob(GB)
------------------------------------------------------------------------------------------------------------------------------------------------------------------------------------------------
 Sum      0/0    0.00 KB   0.0      0.0     0.0      0.0       0.0      0.0       0.0   0.0      0.0      0.0      0.00              0.00         0    0.000       0      0       0.0       0.0
 Int      0/0    0.00 KB   0.0      0.0     0.0      0.0       0.0      0.0       0.0   0.0      0.0      0.0      0.00              0.00         0    0.000       0      0       0.0       0.0

** Compaction Stats [default] **
Priority    Files   Size     Score Read(GB)  Rn(GB) Rnp1(GB) Write(GB) Wnew(GB) Moved(GB) W-Amp Rd(MB/s) Wr(MB/s) Comp(sec) CompMergeCPU(sec) Comp(cnt) Avg(sec) KeyIn KeyDrop Rblob(GB) Wblob(GB)
---------------------------------------------------------------------------------------------------------------------------------------------------------------------------------------------------

Blob file count: 0, total size: 0.0 GB

Uptime(secs): 0.0 total, 0.0 interval
Flush(GB): cumulative 0.000, interval 0.000
AddFile(GB): cumulative 0.000, interval 0.000
AddFile(Total Files): cumulative 0, interval 0
AddFile(L0 Files): cumulative 0, interval 0
AddFile(Keys): cumulative 0, interval 0
Cumulative compaction: 0.00 GB write, 0.00 MB/s write, 0.00 GB read, 0.00 MB/s read, 0.0 seconds
Interval compaction: 0.00 GB write, 0.00 MB/s write, 0.00 GB read, 0.00 MB/s read, 0.0 seconds
Stalls(count): 0 level0_slowdown, 0 level0_slowdown_with_compaction, 0 level0_numfiles, 0 level0_numfiles_with_compaction, 0 stop for pending_compaction_bytes, 0 slowdown for pending_compaction_bytes, 0 memtable_compaction, 0 memtable_slowdown, interval 0 total count

** File Read Latency Histogram By Level [default] **

** Compaction Stats [default] **
Level    Files   Size     Score Read(GB)  Rn(GB) Rnp1(GB) Write(GB) Wnew(GB) Moved(GB) W-Amp Rd(MB/s) Wr(MB/s) Comp(sec) CompMergeCPU(sec) Comp(cnt) Avg(sec) KeyIn KeyDrop Rblob(GB) Wblob(GB)
------------------------------------------------------------------------------------------------------------------------------------------------------------------------------------------------
 Sum      0/0    0.00 KB   0.0      0.0     0.0      0.0       0.0      0.0       0.0   0.0      0.0      0.0      0.00              0.00         0    0.000       0      0       0.0       0.0
 Int      0/0    0.00 KB   0.0      0.0     0.0      0.0       0.0      0.0       0.0   0.0      0.0      0.0      0.00              0.00         0    0.000       0      0       0.0       0.0

** Compaction Stats [default] **
Priority    Files   Size     Score Read(GB)  Rn(GB) Rnp1(GB) Write(GB) Wnew(GB) Moved(GB) W-Amp Rd(MB/s) Wr(MB/s) Comp(sec) CompMergeCPU(sec) Comp(cnt) Avg(sec) KeyIn KeyDrop Rblob(GB) Wblob(GB)
---------------------------------------------------------------------------------------------------------------------------------------------------------------------------------------------------

Blob file count: 0, total size: 0.0 GB

Uptime(secs): 0.0 total, 0.0 interval
Flush(GB): cumulative 0.000, interval 0.000
AddFile(GB): cumulative 0.000, interval 0.000
AddFile(Total Files): cumulative 0, interval 0
AddFile(L0 Files): cumulative 0, interval 0
AddFile(Keys): cumulative 0, interval 0
Cumulative compaction: 0.00 GB write, 0.00 MB/s write, 0.00 GB read, 0.00 MB/s read, 0.0 seconds
Interval compaction: 0.00 GB write, 0.00 MB/s write, 0.00 GB read, 0.00 MB/s read, 0.0 seconds
Stalls(count): 0 level0_slowdown, 0 level0_slowdown_with_compaction, 0 level0_numfiles, 0 level0_numfiles_with_compaction, 0 stop for pending_compaction_bytes, 0 slowdown for pending_compaction_bytes, 0 memtable_compaction, 0 memtable_slowdown, interval 0 total count

** File Read Latency Histogram By Level [default] **
2022/11/12-16:41:21.583311 20db42500 [db/column_family.cc:598] --------------- Options for column family [__DB_METADATA__]:
2022/11/12-16:41:21.583313 20db42500               Options.comparator: leveldb.BytewiseComparator
2022/11/12-16:41:21.583314 20db42500           Options.merge_operator: None
2022/11/12-16:41:21.583314 20db42500        Options.compaction_filter: None
2022/11/12-16:41:21.583315 20db42500        Options.compaction_filter_factory: None
2022/11/12-16:41:21.583315 20db42500  Options.sst_partitioner_factory: None
2022/11/12-16:41:21.583316 20db42500         Options.memtable_factory: SkipListFactory
2022/11/12-16:41:21.583316 20db42500            Options.table_factory: BlockBasedTable
2022/11/12-16:41:21.583325 20db42500            table_factory options:   flush_block_policy_factory: FlushBlockBySizePolicyFactory (0x138f0c5f0)
  cache_index_and_filter_blocks: 0
  cache_index_and_filter_blocks_with_high_priority: 1
  pin_l0_filter_and_index_blocks_in_cache: 0
  pin_top_level_index_and_filter: 1
  index_type: 0
  data_block_index_type: 0
  index_shortening: 1
  data_block_hash_table_util_ratio: 0.750000
  hash_index_allow_collision: 1
  checksum: 1
  no_block_cache: 0
  block_cache: 0x138f06ca8
  block_cache_name: LRUCache
  block_cache_options:
    capacity : 8388608
    num_shard_bits : 4
    strict_capacity_limit : 0
    memory_allocator : None
    high_pri_pool_ratio: 0.000
  block_cache_compressed: 0x0
  persistent_cache: 0x0
  block_size: 4096
  block_size_deviation: 10
  block_restart_interval: 16
  index_block_restart_interval: 1
  metadata_block_size: 4096
  partition_filters: 0
  use_delta_encoding: 1
  filter_policy: nullptr
  whole_key_filtering: 1
  verify_compression: 0
  read_amp_bytes_per_bit: 0
  format_version: 5
  enable_index_compression: 1
  block_align: 0
2022/11/12-16:41:21.583326 20db42500        Options.write_buffer_size: 67108864
2022/11/12-16:41:21.583326 20db42500  Options.max_write_buffer_number: 2
2022/11/12-16:41:21.583327 20db42500          Options.compression: NoCompression
2022/11/12-16:41:21.583328 20db42500                  Options.bottommost_compression: Disabled
2022/11/12-16:41:21.583328 20db42500       Options.prefix_extractor: nullptr
2022/11/12-16:41:21.583329 20db42500   Options.memtable_insert_with_hint_prefix_extractor: nullptr
2022/11/12-16:41:21.583329 20db42500             Options.num_levels: 7
2022/11/12-16:41:21.583330 20db42500        Options.min_write_buffer_number_to_merge: 1
2022/11/12-16:41:21.583330 20db42500     Options.max_write_buffer_number_to_maintain: 0
2022/11/12-16:41:21.583331 20db42500     Options.max_write_buffer_size_to_maintain: 0
2022/11/12-16:41:21.583331 20db42500            Options.bottommost_compression_opts.window_bits: -14
2022/11/12-16:41:21.583332 20db42500                  Options.bottommost_compression_opts.level: 32767
2022/11/12-16:41:21.583332 20db42500               Options.bottommost_compression_opts.strategy: 0
2022/11/12-16:41:21.583333 20db42500         Options.bottommost_compression_opts.max_dict_bytes: 0
2022/11/12-16:41:21.583334 20db42500         Options.bottommost_compression_opts.zstd_max_train_bytes: 0
2022/11/12-16:41:21.583334 20db42500         Options.bottommost_compression_opts.parallel_threads: 1
2022/11/12-16:41:21.583335 20db42500                  Options.bottommost_compression_opts.enabled: false
2022/11/12-16:41:21.583335 20db42500         Options.bottommost_compression_opts.max_dict_buffer_bytes: 0
2022/11/12-16:41:21.583336 20db42500            Options.compression_opts.window_bits: -14
2022/11/12-16:41:21.583336 20db42500                  Options.compression_opts.level: 32767
2022/11/12-16:41:21.583337 20db42500               Options.compression_opts.strategy: 0
2022/11/12-16:41:21.583337 20db42500         Options.compression_opts.max_dict_bytes: 0
2022/11/12-16:41:21.583338 20db42500         Options.compression_opts.zstd_max_train_bytes: 0
2022/11/12-16:41:21.583338 20db42500         Options.compression_opts.parallel_threads: 1
2022/11/12-16:41:21.583339 20db42500                  Options.compression_opts.enabled: false
2022/11/12-16:41:21.583347 20db42500         Options.compression_opts.max_dict_buffer_bytes: 0
2022/11/12-16:41:21.583348 20db42500      Options.level0_file_num_compaction_trigger: 4
2022/11/12-16:41:21.583348 20db42500          Options.level0_slowdown_writes_trigger: 20
2022/11/12-16:41:21.583349 20db42500              Options.level0_stop_writes_trigger: 36
2022/11/12-16:41:21.583349 20db42500                   Options.target_file_size_base: 67108864
2022/11/12-16:41:21.583350 20db42500             Options.target_file_size_multiplier: 1
2022/11/12-16:41:21.583350 20db42500                Options.max_bytes_for_level_base: 268435456
2022/11/12-16:41:21.583351 20db42500 Options.level_compaction_dynamic_level_bytes: 0
2022/11/12-16:41:21.583351 20db42500          Options.max_bytes_for_level_multiplier: 10.000000
2022/11/12-16:41:21.583352 20db42500 Options.max_bytes_for_level_multiplier_addtl[0]: 1
2022/11/12-16:41:21.583353 20db42500 Options.max_bytes_for_level_multiplier_addtl[1]: 1
2022/11/12-16:41:21.583353 20db42500 Options.max_bytes_for_level_multiplier_addtl[2]: 1
2022/11/12-16:41:21.583354 20db42500 Options.max_bytes_for_level_multiplier_addtl[3]: 1
2022/11/12-16:41:21.583354 20db42500 Options.max_bytes_for_level_multiplier_addtl[4]: 1
2022/11/12-16:41:21.583355 20db42500 Options.max_bytes_for_level_multiplier_addtl[5]: 1
2022/11/12-16:41:21.583355 20db42500 Options.max_bytes_for_level_multiplier_addtl[6]: 1
2022/11/12-16:41:21.583356 20db42500       Options.max_sequential_skip_in_iterations: 8
2022/11/12-16:41:21.583357 20db42500                    Options.max_compaction_bytes: 1677721600
2022/11/12-16:41:21.583357 20db42500                        Options.arena_block_size: 8388608
2022/11/12-16:41:21.583358 20db42500   Options.soft_pending_compaction_bytes_limit: 68719476736
2022/11/12-16:41:21.583358 20db42500   Options.hard_pending_compaction_bytes_limit: 274877906944
2022/11/12-16:41:21.583359 20db42500       Options.rate_limit_delay_max_milliseconds: 100
2022/11/12-16:41:21.583359 20db42500                Options.disable_auto_compactions: 0
2022/11/12-16:41:21.583360 20db42500                        Options.compaction_style: kCompactionStyleLevel
2022/11/12-16:41:21.583361 20db42500                          Options.compaction_pri: kMinOverlappingRatio
2022/11/12-16:41:21.583361 20db42500 Options.compaction_options_universal.size_ratio: 1
2022/11/12-16:41:21.583362 20db42500 Options.compaction_options_universal.min_merge_width: 2
2022/11/12-16:41:21.583362 20db42500 Options.compaction_options_universal.max_merge_width: 4294967295
2022/11/12-16:41:21.583363 20db42500 Options.compaction_options_universal.max_size_amplification_percent: 200
2022/11/12-16:41:21.583363 20db42500 Options.compaction_options_universal.compression_size_percent: -1
2022/11/12-16:41:21.583364 20db42500 Options.compaction_options_universal.stop_style: kCompactionStopStyleTotalSize
2022/11/12-16:41:21.583365 20db42500 Options.compaction_options_fifo.max_table_files_size: 1073741824
2022/11/12-16:41:21.583365 20db42500 Options.compaction_options_fifo.allow_compaction: 0
2022/11/12-16:41:21.583366 20db42500                   Options.table_properties_collectors: 
2022/11/12-16:41:21.583366 20db42500                   Options.inplace_update_support: 0
2022/11/12-16:41:21.583367 20db42500                 Options.inplace_update_num_locks: 10000
2022/11/12-16:41:21.583368 20db42500               Options.memtable_prefix_bloom_size_ratio: 0.000000
2022/11/12-16:41:21.583368 20db42500               Options.memtable_whole_key_filtering: 0
2022/11/12-16:41:21.583369 20db42500   Options.memtable_huge_page_size: 0
2022/11/12-16:41:21.583369 20db42500                           Options.bloom_locality: 0
2022/11/12-16:41:21.583370 20db42500                    Options.max_successive_merges: 0
2022/11/12-16:41:21.583370 20db42500                Options.optimize_filters_for_hits: 0
2022/11/12-16:41:21.583371 20db42500                Options.paranoid_file_checks: 0
2022/11/12-16:41:21.583371 20db42500                Options.force_consistency_checks: 1
2022/11/12-16:41:21.583377 20db42500                Options.report_bg_io_stats: 0
2022/11/12-16:41:21.583378 20db42500                               Options.ttl: 2592000
2022/11/12-16:41:21.583379 20db42500          Options.periodic_compaction_seconds: 0
2022/11/12-16:41:21.583379 20db42500                    Options.enable_blob_files: false
2022/11/12-16:41:21.583380 20db42500                        Options.min_blob_size: 0
2022/11/12-16:41:21.583380 20db42500                       Options.blob_file_size: 268435456
2022/11/12-16:41:21.583381 20db42500                Options.blob_compression_type: NoCompression
2022/11/12-16:41:21.583381 20db42500       Options.enable_blob_garbage_collection: false
2022/11/12-16:41:21.583382 20db42500   Options.blob_garbage_collection_age_cutoff: 0.250000
2022/11/12-16:41:21.583405 20db42500 [db/db_impl/db_impl.cc:2662] Created column family [__DB_METADATA__] (ID 1)
2022/11/12-16:41:21.584260 20db42500 [db/column_family.cc:598] --------------- Options for column family [__STATE_AGGREGATOR__]:
2022/11/12-16:41:21.584261 20db42500               Options.comparator: leveldb.BytewiseComparator
2022/11/12-16:41:21.584262 20db42500           Options.merge_operator: None
2022/11/12-16:41:21.584263 20db42500        Options.compaction_filter: None
2022/11/12-16:41:21.584263 20db42500        Options.compaction_filter_factory: None
2022/11/12-16:41:21.584264 20db42500  Options.sst_partitioner_factory: None
2022/11/12-16:41:21.584264 20db42500         Options.memtable_factory: SkipListFactory
2022/11/12-16:41:21.584265 20db42500            Options.table_factory: BlockBasedTable
2022/11/12-16:41:21.584273 20db42500            table_factory options:   flush_block_policy_factory: FlushBlockBySizePolicyFactory (0x138f06d40)
  cache_index_and_filter_blocks: 0
  cache_index_and_filter_blocks_with_high_priority: 1
  pin_l0_filter_and_index_blocks_in_cache: 0
  pin_top_level_index_and_filter: 1
  index_type: 0
  data_block_index_type: 0
  index_shortening: 1
  data_block_hash_table_util_ratio: 0.750000
  hash_index_allow_collision: 1
  checksum: 1
  no_block_cache: 0
  block_cache: 0x138f05618
  block_cache_name: LRUCache
  block_cache_options:
    capacity : 8388608
    num_shard_bits : 4
    strict_capacity_limit : 0
    memory_allocator : None
    high_pri_pool_ratio: 0.000
  block_cache_compressed: 0x0
  persistent_cache: 0x0
  block_size: 4096
  block_size_deviation: 10
  block_restart_interval: 16
  index_block_restart_interval: 1
  metadata_block_size: 4096
  partition_filters: 0
  use_delta_encoding: 1
  filter_policy: nullptr
  whole_key_filtering: 1
  verify_compression: 0
  read_amp_bytes_per_bit: 0
  format_version: 5
  enable_index_compression: 1
  block_align: 0
2022/11/12-16:41:21.584274 20db42500        Options.write_buffer_size: 67108864
2022/11/12-16:41:21.584274 20db42500  Options.max_write_buffer_number: 2
2022/11/12-16:41:21.584275 20db42500          Options.compression: NoCompression
2022/11/12-16:41:21.584276 20db42500                  Options.bottommost_compression: Disabled
2022/11/12-16:41:21.584276 20db42500       Options.prefix_extractor: nullptr
2022/11/12-16:41:21.584277 20db42500   Options.memtable_insert_with_hint_prefix_extractor: nullptr
2022/11/12-16:41:21.584277 20db42500             Options.num_levels: 7
2022/11/12-16:41:21.584278 20db42500        Options.min_write_buffer_number_to_merge: 1
2022/11/12-16:41:21.584278 20db42500     Options.max_write_buffer_number_to_maintain: 0
2022/11/12-16:41:21.584279 20db42500     Options.max_write_buffer_size_to_maintain: 0
2022/11/12-16:41:21.584279 20db42500            Options.bottommost_compression_opts.window_bits: -14
2022/11/12-16:41:21.584280 20db42500                  Options.bottommost_compression_opts.level: 32767
2022/11/12-16:41:21.584281 20db42500               Options.bottommost_compression_opts.strategy: 0
2022/11/12-16:41:21.584281 20db42500         Options.bottommost_compression_opts.max_dict_bytes: 0
2022/11/12-16:41:21.584282 20db42500         Options.bottommost_compression_opts.zstd_max_train_bytes: 0
2022/11/12-16:41:21.584282 20db42500         Options.bottommost_compression_opts.parallel_threads: 1
2022/11/12-16:41:21.584283 20db42500                  Options.bottommost_compression_opts.enabled: false
2022/11/12-16:41:21.584283 20db42500         Options.bottommost_compression_opts.max_dict_buffer_bytes: 0
2022/11/12-16:41:21.584284 20db42500            Options.compression_opts.window_bits: -14
2022/11/12-16:41:21.584284 20db42500                  Options.compression_opts.level: 32767
2022/11/12-16:41:21.584285 20db42500               Options.compression_opts.strategy: 0
2022/11/12-16:41:21.584285 20db42500         Options.compression_opts.max_dict_bytes: 0
2022/11/12-16:41:21.584286 20db42500         Options.compression_opts.zstd_max_train_bytes: 0
2022/11/12-16:41:21.584286 20db42500         Options.compression_opts.parallel_threads: 1
2022/11/12-16:41:21.584287 20db42500                  Options.compression_opts.enabled: false
2022/11/12-16:41:21.584297 20db42500         Options.compression_opts.max_dict_buffer_bytes: 0
2022/11/12-16:41:21.584298 20db42500      Options.level0_file_num_compaction_trigger: 4
2022/11/12-16:41:21.584298 20db42500          Options.level0_slowdown_writes_trigger: 20
2022/11/12-16:41:21.584299 20db42500              Options.level0_stop_writes_trigger: 36
2022/11/12-16:41:21.584299 20db42500                   Options.target_file_size_base: 67108864
2022/11/12-16:41:21.584300 20db42500             Options.target_file_size_multiplier: 1
2022/11/12-16:41:21.584300 20db42500                Options.max_bytes_for_level_base: 268435456
2022/11/12-16:41:21.584301 20db42500 Options.level_compaction_dynamic_level_bytes: 0
2022/11/12-16:41:21.584301 20db42500          Options.max_bytes_for_level_multiplier: 10.000000
2022/11/12-16:41:21.584302 20db42500 Options.max_bytes_for_level_multiplier_addtl[0]: 1
2022/11/12-16:41:21.584303 20db42500 Options.max_bytes_for_level_multiplier_addtl[1]: 1
2022/11/12-16:41:21.584303 20db42500 Options.max_bytes_for_level_multiplier_addtl[2]: 1
2022/11/12-16:41:21.584304 20db42500 Options.max_bytes_for_level_multiplier_addtl[3]: 1
2022/11/12-16:41:21.584304 20db42500 Options.max_bytes_for_level_multiplier_addtl[4]: 1
2022/11/12-16:41:21.584305 20db42500 Options.max_bytes_for_level_multiplier_addtl[5]: 1
2022/11/12-16:41:21.584305 20db42500 Options.max_bytes_for_level_multiplier_addtl[6]: 1
2022/11/12-16:41:21.584306 20db42500       Options.max_sequential_skip_in_iterations: 8
2022/11/12-16:41:21.584306 20db42500                    Options.max_compaction_bytes: 1677721600
2022/11/12-16:41:21.584307 20db42500                        Options.arena_block_size: 8388608
2022/11/12-16:41:21.584308 20db42500   Options.soft_pending_compaction_bytes_limit: 68719476736
2022/11/12-16:41:21.584308 20db42500   Options.hard_pending_compaction_bytes_limit: 274877906944
2022/11/12-16:41:21.584309 20db42500       Options.rate_limit_delay_max_milliseconds: 100
2022/11/12-16:41:21.584309 20db42500                Options.disable_auto_compactions: 0
2022/11/12-16:41:21.584310 20db42500                        Options.compaction_style: kCompactionStyleLevel
2022/11/12-16:41:21.584310 20db42500                          Options.compaction_pri: kMinOverlappingRatio
2022/11/12-16:41:21.584311 20db42500 Options.compaction_options_universal.size_ratio: 1
2022/11/12-16:41:21.584311 20db42500 Options.compaction_options_universal.min_merge_width: 2
2022/11/12-16:41:21.584312 20db42500 Options.compaction_options_universal.max_merge_width: 4294967295
2022/11/12-16:41:21.584313 20db42500 Options.compaction_options_universal.max_size_amplification_percent: 200
2022/11/12-16:41:21.584313 20db42500 Options.compaction_options_universal.compression_size_percent: -1
2022/11/12-16:41:21.584314 20db42500 Options.compaction_options_universal.stop_style: kCompactionStopStyleTotalSize
2022/11/12-16:41:21.584314 20db42500 Options.compaction_options_fifo.max_table_files_size: 1073741824
2022/11/12-16:41:21.584315 20db42500 Options.compaction_options_fifo.allow_compaction: 0
2022/11/12-16:41:21.584316 20db42500                   Options.table_properties_collectors: 
2022/11/12-16:41:21.584316 20db42500                   Options.inplace_update_support: 0
2022/11/12-16:41:21.584317 20db42500                 Options.inplace_update_num_locks: 10000
2022/11/12-16:41:21.584317 20db42500               Options.memtable_prefix_bloom_size_ratio: 0.000000
2022/11/12-16:41:21.584318 20db42500               Options.memtable_whole_key_filtering: 0
2022/11/12-16:41:21.584318 20db42500   Options.memtable_huge_page_size: 0
