2022/11/12-16:14:47.469132 20db42500 RocksDB version: 6.20.3
2022/11/12-16:14:47.469625 20db42500 Git sha 8608d75d85f8e1b3b64b73a4fb6d19baec61ba5c
2022/11/12-16:14:47.469627 20db42500 Compile date 2021-05-05 20:35:30
2022/11/12-16:14:47.469635 20db42500 DB SUMMARY
2022/11/12-16:14:47.469636 20db42500 DB Session ID:  QQWY028STBSTY07SIEP9
2022/11/12-16:14:47.469652 20db42500 SST files in example/1/db dir, Total Num: 0, files: 
2022/11/12-16:14:47.469653 20db42500 Write Ahead Log file in example/1/db: 
2022/11/12-16:14:47.469654 20db42500                         Options.error_if_exists: 0
2022/11/12-16:14:47.469654 20db42500                       Options.create_if_missing: 1
2022/11/12-16:14:47.469655 20db42500                         Options.paranoid_checks: 1
2022/11/12-16:14:47.469655 20db42500                               Options.track_and_verify_wals_in_manifest: 0
2022/11/12-16:14:47.469656 20db42500                                     Options.env: 0x1016bb160
2022/11/12-16:14:47.469657 20db42500                                      Options.fs: Posix File System
2022/11/12-16:14:47.469657 20db42500                                Options.info_log: 0x137f06c80
2022/11/12-16:14:47.469658 20db42500                Options.max_file_opening_threads: 16
2022/11/12-16:14:47.469658 20db42500                              Options.statistics: 0x0
2022/11/12-16:14:47.469659 20db42500                               Options.use_fsync: 0
2022/11/12-16:14:47.469659 20db42500                       Options.max_log_file_size: 0
2022/11/12-16:14:47.469660 20db42500                  Options.max_manifest_file_size: 1073741824
2022/11/12-16:14:47.469660 20db42500                   Options.log_file_time_to_roll: 0
2022/11/12-16:14:47.469661 20db42500                       Options.keep_log_file_num: 1000
2022/11/12-16:14:47.469661 20db42500                    Options.recycle_log_file_num: 0
2022/11/12-16:14:47.469662 20db42500                         Options.allow_fallocate: 1
2022/11/12-16:14:47.469662 20db42500                        Options.allow_mmap_reads: 0
2022/11/12-16:14:47.469663 20db42500                       Options.allow_mmap_writes: 0
2022/11/12-16:14:47.469663 20db42500                        Options.use_direct_reads: 0
2022/11/12-16:14:47.469664 20db42500                        Options.use_direct_io_for_flush_and_compaction: 0
2022/11/12-16:14:47.469664 20db42500          Options.create_missing_column_families: 0
2022/11/12-16:14:47.469665 20db42500                              Options.db_log_dir: 
2022/11/12-16:14:47.469665 20db42500                                 Options.wal_dir: example/1/db
2022/11/12-16:14:47.469666 20db42500                Options.table_cache_numshardbits: 6
2022/11/12-16:14:47.469666 20db42500                         Options.WAL_ttl_seconds: 0
2022/11/12-16:14:47.469667 20db42500                       Options.WAL_size_limit_MB: 0
2022/11/12-16:14:47.469667 20db42500                        Options.max_write_batch_group_size_bytes: 1048576
2022/11/12-16:14:47.469668 20db42500             Options.manifest_preallocation_size: 4194304
2022/11/12-16:14:47.469668 20db42500                     Options.is_fd_close_on_exec: 1
2022/11/12-16:14:47.469669 20db42500                   Options.advise_random_on_open: 1
2022/11/12-16:14:47.469669 20db42500                    Options.db_write_buffer_size: 0
2022/11/12-16:14:47.469670 20db42500                    Options.write_buffer_manager: 0x137f06c50
2022/11/12-16:14:47.469670 20db42500         Options.access_hint_on_compaction_start: 1
2022/11/12-16:14:47.469671 20db42500  Options.new_table_reader_for_compaction_inputs: 0
2022/11/12-16:14:47.469671 20db42500           Options.random_access_max_buffer_size: 1048576
2022/11/12-16:14:47.469672 20db42500                      Options.use_adaptive_mutex: 0
2022/11/12-16:14:47.469672 20db42500                            Options.rate_limiter: 0x0
2022/11/12-16:14:47.469673 20db42500     Options.sst_file_manager.rate_bytes_per_sec: 0
2022/11/12-16:14:47.469673 20db42500                       Options.wal_recovery_mode: 2
2022/11/12-16:14:47.469674 20db42500                  Options.enable_thread_tracking: 0
2022/11/12-16:14:47.469685 20db42500                  Options.enable_pipelined_write: 0
2022/11/12-16:14:47.469685 20db42500                  Options.unordered_write: 0
2022/11/12-16:14:47.469686 20db42500         Options.allow_concurrent_memtable_write: 1
2022/11/12-16:14:47.469686 20db42500      Options.enable_write_thread_adaptive_yield: 1
2022/11/12-16:14:47.469687 20db42500             Options.write_thread_max_yield_usec: 100
2022/11/12-16:14:47.469687 20db42500            Options.write_thread_slow_yield_usec: 3
2022/11/12-16:14:47.469688 20db42500                               Options.row_cache: None
2022/11/12-16:14:47.469689 20db42500                              Options.wal_filter: None
2022/11/12-16:14:47.469689 20db42500             Options.avoid_flush_during_recovery: 0
2022/11/12-16:14:47.469690 20db42500             Options.allow_ingest_behind: 0
2022/11/12-16:14:47.469690 20db42500             Options.preserve_deletes: 0
2022/11/12-16:14:47.469691 20db42500             Options.two_write_queues: 0
2022/11/12-16:14:47.469691 20db42500             Options.manual_wal_flush: 0
2022/11/12-16:14:47.469691 20db42500             Options.atomic_flush: 0
2022/11/12-16:14:47.469692 20db42500             Options.avoid_unnecessary_blocking_io: 0
2022/11/12-16:14:47.469692 20db42500                 Options.persist_stats_to_disk: 0
2022/11/12-16:14:47.469693 20db42500                 Options.write_dbid_to_manifest: 0
2022/11/12-16:14:47.469694 20db42500                 Options.log_readahead_size: 0
2022/11/12-16:14:47.469694 20db42500                 Options.file_checksum_gen_factory: Unknown
2022/11/12-16:14:47.469695 20db42500                 Options.best_efforts_recovery: 0
2022/11/12-16:14:47.469695 20db42500                Options.max_bgerror_resume_count: 2147483647
2022/11/12-16:14:47.469696 20db42500            Options.bgerror_resume_retry_interval: 1000000
2022/11/12-16:14:47.469696 20db42500             Options.allow_data_in_errors: 0
2022/11/12-16:14:47.469697 20db42500             Options.db_host_id: __hostname__
2022/11/12-16:14:47.469697 20db42500             Options.max_background_jobs: 2
2022/11/12-16:14:47.469698 20db42500             Options.max_background_compactions: -1
2022/11/12-16:14:47.469698 20db42500             Options.max_subcompactions: 1
2022/11/12-16:14:47.469699 20db42500             Options.avoid_flush_during_shutdown: 0
2022/11/12-16:14:47.469699 20db42500           Options.writable_file_max_buffer_size: 1048576
2022/11/12-16:14:47.469700 20db42500             Options.delayed_write_rate : 16777216
2022/11/12-16:14:47.469700 20db42500             Options.max_total_wal_size: 0
2022/11/12-16:14:47.469701 20db42500             Options.delete_obsolete_files_period_micros: 21600000000
2022/11/12-16:14:47.469701 20db42500                   Options.stats_dump_period_sec: 600
2022/11/12-16:14:47.469702 20db42500                 Options.stats_persist_period_sec: 600
2022/11/12-16:14:47.469702 20db42500                 Options.stats_history_buffer_size: 1048576
2022/11/12-16:14:47.469703 20db42500                          Options.max_open_files: -1
2022/11/12-16:14:47.469703 20db42500                          Options.bytes_per_sync: 0
2022/11/12-16:14:47.469704 20db42500                      Options.wal_bytes_per_sync: 0
2022/11/12-16:14:47.469704 20db42500                   Options.strict_bytes_per_sync: 0
2022/11/12-16:14:47.469705 20db42500       Options.compaction_readahead_size: 0
2022/11/12-16:14:47.469705 20db42500                  Options.max_background_flushes: -1
2022/11/12-16:14:47.469706 20db42500 Compression algorithms supported:
2022/11/12-16:14:47.469707 20db42500 	kZSTD supported: 0
2022/11/12-16:14:47.469707 20db42500 	kZlibCompression supported: 0
2022/11/12-16:14:47.469708 20db42500 	kXpressCompression supported: 0
2022/11/12-16:14:47.469708 20db42500 	kSnappyCompression supported: 1
2022/11/12-16:14:47.469709 20db42500 	kZSTDNotFinalCompression supported: 0
2022/11/12-16:14:47.469709 20db42500 	kLZ4HCCompression supported: 0
2022/11/12-16:14:47.469710 20db42500 	kLZ4Compression supported: 0
2022/11/12-16:14:47.469716 20db42500 	kBZip2Compression supported: 0
2022/11/12-16:14:47.469721 20db42500 Fast CRC32 supported: Supported on Arm64
2022/11/12-16:14:47.469962 20db42500 [db/db_impl/db_impl_open.cc:285] Creating manifest 1 
2022/11/12-16:14:47.470224 20db42500 [db/version_set.cc:4627] Recovering from manifest file: example/1/db/MANIFEST-000001
2022/11/12-16:14:47.470283 20db42500 [db/column_family.cc:598] --------------- Options for column family [default]:
2022/11/12-16:14:47.470284 20db42500               Options.comparator: leveldb.BytewiseComparator
2022/11/12-16:14:47.470285 20db42500           Options.merge_operator: None
2022/11/12-16:14:47.470285 20db42500        Options.compaction_filter: None
2022/11/12-16:14:47.470286 20db42500        Options.compaction_filter_factory: None
2022/11/12-16:14:47.470286 20db42500  Options.sst_partitioner_factory: None
2022/11/12-16:14:47.470287 20db42500         Options.memtable_factory: SkipListFactory
2022/11/12-16:14:47.470287 20db42500            Options.table_factory: BlockBasedTable
2022/11/12-16:14:47.470298 20db42500            table_factory options:   flush_block_policy_factory: FlushBlockBySizePolicyFactory (0x137f05cc0)
  cache_index_and_filter_blocks: 0
  cache_index_and_filter_blocks_with_high_priority: 1
  pin_l0_filter_and_index_blocks_in_cache: 0
  pin_top_level_index_and_filter: 1
  index_type: 0
  data_block_index_type: 0
  index_shortening: 1
  data_block_hash_table_util_ratio: 0.750000
  hash_index_allow_collision: 1
  checksum: 1
  no_block_cache: 0
  block_cache: 0x137f05d08
  block_cache_name: LRUCache
  block_cache_options:
    capacity : 8388608
    num_shard_bits : 4
    strict_capacity_limit : 0
    memory_allocator : None
    high_pri_pool_ratio: 0.000
  block_cache_compressed: 0x0
  persistent_cache: 0x0
  block_size: 4096
  block_size_deviation: 10
  block_restart_interval: 16
  index_block_restart_interval: 1
  metadata_block_size: 4096
  partition_filters: 0
  use_delta_encoding: 1
  filter_policy: nullptr
  whole_key_filtering: 1
  verify_compression: 0
  read_amp_bytes_per_bit: 0
  format_version: 5
  enable_index_compression: 1
  block_align: 0
2022/11/12-16:14:47.470300 20db42500        Options.write_buffer_size: 67108864
2022/11/12-16:14:47.470300 20db42500  Options.max_write_buffer_number: 2
2022/11/12-16:14:47.470301 20db42500          Options.compression: NoCompression
2022/11/12-16:14:47.470302 20db42500                  Options.bottommost_compression: Disabled
2022/11/12-16:14:47.470302 20db42500       Options.prefix_extractor: nullptr
2022/11/12-16:14:47.470303 20db42500   Options.memtable_insert_with_hint_prefix_extractor: nullptr
2022/11/12-16:14:47.470303 20db42500             Options.num_levels: 7
2022/11/12-16:14:47.470304 20db42500        Options.min_write_buffer_number_to_merge: 1
2022/11/12-16:14:47.470304 20db42500     Options.max_write_buffer_number_to_maintain: 0
2022/11/12-16:14:47.470305 20db42500     Options.max_write_buffer_size_to_maintain: 0
2022/11/12-16:14:47.470305 20db42500            Options.bottommost_compression_opts.window_bits: -14
2022/11/12-16:14:47.470306 20db42500                  Options.bottommost_compression_opts.level: 32767
2022/11/12-16:14:47.470306 20db42500               Options.bottommost_compression_opts.strategy: 0
2022/11/12-16:14:47.470307 20db42500         Options.bottommost_compression_opts.max_dict_bytes: 0
2022/11/12-16:14:47.470307 20db42500         Options.bottommost_compression_opts.zstd_max_train_bytes: 0
2022/11/12-16:14:47.470308 20db42500         Options.bottommost_compression_opts.parallel_threads: 1
2022/11/12-16:14:47.470308 20db42500                  Options.bottommost_compression_opts.enabled: false
2022/11/12-16:14:47.470309 20db42500         Options.bottommost_compression_opts.max_dict_buffer_bytes: 0
2022/11/12-16:14:47.470310 20db42500            Options.compression_opts.window_bits: -14
2022/11/12-16:14:47.470310 20db42500                  Options.compression_opts.level: 32767
2022/11/12-16:14:47.470311 20db42500               Options.compression_opts.strategy: 0
2022/11/12-16:14:47.470320 20db42500         Options.compression_opts.max_dict_bytes: 0
2022/11/12-16:14:47.470321 20db42500         Options.compression_opts.zstd_max_train_bytes: 0
2022/11/12-16:14:47.470321 20db42500         Options.compression_opts.parallel_threads: 1
2022/11/12-16:14:47.470322 20db42500                  Options.compression_opts.enabled: false
2022/11/12-16:14:47.470322 20db42500         Options.compression_opts.max_dict_buffer_bytes: 0
2022/11/12-16:14:47.470323 20db42500      Options.level0_file_num_compaction_trigger: 4
2022/11/12-16:14:47.470323 20db42500          Options.level0_slowdown_writes_trigger: 20
2022/11/12-16:14:47.470324 20db42500              Options.level0_stop_writes_trigger: 36
2022/11/12-16:14:47.470324 20db42500                   Options.target_file_size_base: 67108864
2022/11/12-16:14:47.470325 20db42500             Options.target_file_size_multiplier: 1
2022/11/12-16:14:47.470325 20db42500                Options.max_bytes_for_level_base: 268435456
2022/11/12-16:14:47.470326 20db42500 Options.level_compaction_dynamic_level_bytes: 0
2022/11/12-16:14:47.470326 20db42500          Options.max_bytes_for_level_multiplier: 10.000000
2022/11/12-16:14:47.470327 20db42500 Options.max_bytes_for_level_multiplier_addtl[0]: 1
2022/11/12-16:14:47.470328 20db42500 Options.max_bytes_for_level_multiplier_addtl[1]: 1
2022/11/12-16:14:47.470328 20db42500 Options.max_bytes_for_level_multiplier_addtl[2]: 1
2022/11/12-16:14:47.470329 20db42500 Options.max_bytes_for_level_multiplier_addtl[3]: 1
2022/11/12-16:14:47.470329 20db42500 Options.max_bytes_for_level_multiplier_addtl[4]: 1
2022/11/12-16:14:47.470330 20db42500 Options.max_bytes_for_level_multiplier_addtl[5]: 1
2022/11/12-16:14:47.470330 20db42500 Options.max_bytes_for_level_multiplier_addtl[6]: 1
2022/11/12-16:14:47.470331 20db42500       Options.max_sequential_skip_in_iterations: 8
2022/11/12-16:14:47.470331 20db42500                    Options.max_compaction_bytes: 1677721600
2022/11/12-16:14:47.470332 20db42500                        Options.arena_block_size: 8388608
2022/11/12-16:14:47.470332 20db42500   Options.soft_pending_compaction_bytes_limit: 68719476736
2022/11/12-16:14:47.470333 20db42500   Options.hard_pending_compaction_bytes_limit: 274877906944
2022/11/12-16:14:47.470333 20db42500       Options.rate_limit_delay_max_milliseconds: 100
2022/11/12-16:14:47.470334 20db42500                Options.disable_auto_compactions: 0
2022/11/12-16:14:47.470334 20db42500                        Options.compaction_style: kCompactionStyleLevel
2022/11/12-16:14:47.470335 20db42500                          Options.compaction_pri: kMinOverlappingRatio
2022/11/12-16:14:47.470336 20db42500 Options.compaction_options_universal.size_ratio: 1
2022/11/12-16:14:47.470336 20db42500 Options.compaction_options_universal.min_merge_width: 2
2022/11/12-16:14:47.470337 20db42500 Options.compaction_options_universal.max_merge_width: 4294967295
2022/11/12-16:14:47.470337 20db42500 Options.compaction_options_universal.max_size_amplification_percent: 200
2022/11/12-16:14:47.470338 20db42500 Options.compaction_options_universal.compression_size_percent: -1
2022/11/12-16:14:47.470338 20db42500 Options.compaction_options_universal.stop_style: kCompactionStopStyleTotalSize
2022/11/12-16:14:47.470339 20db42500 Options.compaction_options_fifo.max_table_files_size: 1073741824
2022/11/12-16:14:47.470339 20db42500 Options.compaction_options_fifo.allow_compaction: 0
2022/11/12-16:14:47.470340 20db42500                   Options.table_properties_collectors: 
2022/11/12-16:14:47.470341 20db42500                   Options.inplace_update_support: 0
2022/11/12-16:14:47.470341 20db42500                 Options.inplace_update_num_locks: 10000
2022/11/12-16:14:47.470342 20db42500               Options.memtable_prefix_bloom_size_ratio: 0.000000
2022/11/12-16:14:47.470343 20db42500               Options.memtable_whole_key_filtering: 0
2022/11/12-16:14:47.470343 20db42500   Options.memtable_huge_page_size: 0
2022/11/12-16:14:47.470344 20db42500                           Options.bloom_locality: 0
2022/11/12-16:14:47.470351 20db42500                    Options.max_successive_merges: 0
2022/11/12-16:14:47.470352 20db42500                Options.optimize_filters_for_hits: 0
2022/11/12-16:14:47.470352 20db42500                Options.paranoid_file_checks: 0
2022/11/12-16:14:47.470353 20db42500                Options.force_consistency_checks: 1
2022/11/12-16:14:47.470353 20db42500                Options.report_bg_io_stats: 0
2022/11/12-16:14:47.470354 20db42500                               Options.ttl: 2592000
2022/11/12-16:14:47.470354 20db42500          Options.periodic_compaction_seconds: 0
2022/11/12-16:14:47.470355 20db42500                    Options.enable_blob_files: false
2022/11/12-16:14:47.470356 20db42500                        Options.min_blob_size: 0
2022/11/12-16:14:47.470356 20db42500                       Options.blob_file_size: 268435456
2022/11/12-16:14:47.470357 20db42500                Options.blob_compression_type: NoCompression
2022/11/12-16:14:47.470357 20db42500       Options.enable_blob_garbage_collection: false
2022/11/12-16:14:47.470358 20db42500   Options.blob_garbage_collection_age_cutoff: 0.250000
2022/11/12-16:14:47.470631 20db42500 [db/version_set.cc:4675] Recovered from manifest file:example/1/db/MANIFEST-000001 succeeded,manifest_file_number is 1, next_file_number is 3, last_sequence is 0, log_number is 0,prev_log_number is 0,max_column_family is 0,min_log_number_to_keep is 0
2022/11/12-16:14:47.470634 20db42500 [db/version_set.cc:4684] Column family [default] (ID 0), log number is 0
2022/11/12-16:14:47.470720 20db42500 [db/version_set.cc:4119] Creating manifest 4
2022/11/12-16:14:47.471786 20db42500 [db/db_impl/db_impl_open.cc:1757] SstFileManager instance 0x137f06e20
2022/11/12-16:14:47.471801 20db42500 DB pointer 0x14080e200
2022/11/12-16:14:47.471875 170673000 [db/db_impl/db_impl.cc:932] ------- DUMPING STATS -------
2022/11/12-16:14:47.471877 170673000 [db/db_impl/db_impl.cc:933] 
** DB Stats **
Uptime(secs): 0.0 total, 0.0 interval
Cumulative writes: 0 writes, 0 keys, 0 commit groups, 0.0 writes per commit group, ingest: 0.00 GB, 0.00 MB/s
Cumulative WAL: 0 writes, 0 syncs, 0.00 writes per sync, written: 0.00 GB, 0.00 MB/s
Cumulative stall: 00:00:0.000 H:M:S, 0.0 percent
Interval writes: 0 writes, 0 keys, 0 commit groups, 0.0 writes per commit group, ingest: 0.00 MB, 0.00 MB/s
Interval WAL: 0 writes, 0 syncs, 0.00 writes per sync, written: 0.00 MB, 0.00 MB/s
Interval stall: 00:00:0.000 H:M:S, 0.0 percent

** Compaction Stats [default] **
Level    Files   Size     Score Read(GB)  Rn(GB) Rnp1(GB) Write(GB) Wnew(GB) Moved(GB) W-Amp Rd(MB/s) Wr(MB/s) Comp(sec) CompMergeCPU(sec) Comp(cnt) Avg(sec) KeyIn KeyDrop Rblob(GB) Wblob(GB)
------------------------------------------------------------------------------------------------------------------------------------------------------------------------------------------------
 Sum      0/0    0.00 KB   0.0      0.0     0.0      0.0       0.0      0.0       0.0   0.0      0.0      0.0      0.00              0.00         0    0.000       0      0       0.0       0.0
 Int      0/0    0.00 KB   0.0      0.0     0.0      0.0       0.0      0.0       0.0   0.0      0.0      0.0      0.00              0.00         0    0.000       0      0       0.0       0.0

** Compaction Stats [default] **
Priority    Files   Size     Score Read(GB)  Rn(GB) Rnp1(GB) Write(GB) Wnew(GB) Moved(GB) W-Amp Rd(MB/s) Wr(MB/s) Comp(sec) CompMergeCPU(sec) Comp(cnt) Avg(sec) KeyIn KeyDrop Rblob(GB) Wblob(GB)
---------------------------------------------------------------------------------------------------------------------------------------------------------------------------------------------------

Blob file count: 0, total size: 0.0 GB

Uptime(secs): 0.0 total, 0.0 interval
Flush(GB): cumulative 0.000, interval 0.000
AddFile(GB): cumulative 0.000, interval 0.000
AddFile(Total Files): cumulative 0, interval 0
AddFile(L0 Files): cumulative 0, interval 0
AddFile(Keys): cumulative 0, interval 0
Cumulative compaction: 0.00 GB write, 0.00 MB/s write, 0.00 GB read, 0.00 MB/s read, 0.0 seconds
Interval compaction: 0.00 GB write, 0.00 MB/s write, 0.00 GB read, 0.00 MB/s read, 0.0 seconds
Stalls(count): 0 level0_slowdown, 0 level0_slowdown_with_compaction, 0 level0_numfiles, 0 level0_numfiles_with_compaction, 0 stop for pending_compaction_bytes, 0 slowdown for pending_compaction_bytes, 0 memtable_compaction, 0 memtable_slowdown, interval 0 total count

** File Read Latency Histogram By Level [default] **

** Compaction Stats [default] **
Level    Files   Size     Score Read(GB)  Rn(GB) Rnp1(GB) Write(GB) Wnew(GB) Moved(GB) W-Amp Rd(MB/s) Wr(MB/s) Comp(sec) CompMergeCPU(sec) Comp(cnt) Avg(sec) KeyIn KeyDrop Rblob(GB) Wblob(GB)
------------------------------------------------------------------------------------------------------------------------------------------------------------------------------------------------
 Sum      0/0    0.00 KB   0.0      0.0     0.0      0.0       0.0      0.0       0.0   0.0      0.0      0.0      0.00              0.00         0    0.000       0      0       0.0       0.0
 Int      0/0    0.00 KB   0.0      0.0     0.0      0.0       0.0      0.0       0.0   0.0      0.0      0.0      0.00              0.00         0    0.000       0      0       0.0       0.0

** Compaction Stats [default] **
Priority    Files   Size     Score Read(GB)  Rn(GB) Rnp1(GB) Write(GB) Wnew(GB) Moved(GB) W-Amp Rd(MB/s) Wr(MB/s) Comp(sec) CompMergeCPU(sec) Comp(cnt) Avg(sec) KeyIn KeyDrop Rblob(GB) Wblob(GB)
---------------------------------------------------------------------------------------------------------------------------------------------------------------------------------------------------

Blob file count: 0, total size: 0.0 GB

Uptime(secs): 0.0 total, 0.0 interval
Flush(GB): cumulative 0.000, interval 0.000
AddFile(GB): cumulative 0.000, interval 0.000
AddFile(Total Files): cumulative 0, interval 0
AddFile(L0 Files): cumulative 0, interval 0
AddFile(Keys): cumulative 0, interval 0
Cumulative compaction: 0.00 GB write, 0.00 MB/s write, 0.00 GB read, 0.00 MB/s read, 0.0 seconds
Interval compaction: 0.00 GB write, 0.00 MB/s write, 0.00 GB read, 0.00 MB/s read, 0.0 seconds
Stalls(count): 0 level0_slowdown, 0 level0_slowdown_with_compaction, 0 level0_numfiles, 0 level0_numfiles_with_compaction, 0 stop for pending_compaction_bytes, 0 slowdown for pending_compaction_bytes, 0 memtable_compaction, 0 memtable_slowdown, interval 0 total count

** File Read Latency Histogram By Level [default] **
2022/11/12-16:14:47.471948 20db42500 [db/column_family.cc:598] --------------- Options for column family [__STATE_AGGREGATOR__]:
2022/11/12-16:14:47.471949 20db42500               Options.comparator: leveldb.BytewiseComparator
2022/11/12-16:14:47.471950 20db42500           Options.merge_operator: None
2022/11/12-16:14:47.471950 20db42500        Options.compaction_filter: None
2022/11/12-16:14:47.471951 20db42500        Options.compaction_filter_factory: None
2022/11/12-16:14:47.471951 20db42500  Options.sst_partitioner_factory: None
2022/11/12-16:14:47.471952 20db42500         Options.memtable_factory: SkipListFactory
2022/11/12-16:14:47.471952 20db42500            Options.table_factory: BlockBasedTable
2022/11/12-16:14:47.471960 20db42500            table_factory options:   flush_block_policy_factory: FlushBlockBySizePolicyFactory (0x137f0b2f0)
  cache_index_and_filter_blocks: 0
  cache_index_and_filter_blocks_with_high_priority: 1
  pin_l0_filter_and_index_blocks_in_cache: 0
  pin_top_level_index_and_filter: 1
  index_type: 0
  data_block_index_type: 0
  index_shortening: 1
  data_block_hash_table_util_ratio: 0.750000
  hash_index_allow_collision: 1
  checksum: 1
  no_block_cache: 0
  block_cache: 0x137f05be8
  block_cache_name: LRUCache
  block_cache_options:
    capacity : 8388608
    num_shard_bits : 4
    strict_capacity_limit : 0
    memory_allocator : None
    high_pri_pool_ratio: 0.000
  block_cache_compressed: 0x0
  persistent_cache: 0x0
  block_size: 4096
  block_size_deviation: 10
  block_restart_interval: 16
  index_block_restart_interval: 1
  metadata_block_size: 4096
  partition_filters: 0
  use_delta_encoding: 1
  filter_policy: nullptr
  whole_key_filtering: 1
  verify_compression: 0
  read_amp_bytes_per_bit: 0
  format_version: 5
  enable_index_compression: 1
  block_align: 0
2022/11/12-16:14:47.471961 20db42500        Options.write_buffer_size: 67108864
2022/11/12-16:14:47.471962 20db42500  Options.max_write_buffer_number: 2
2022/11/12-16:14:47.471963 20db42500          Options.compression: NoCompression
2022/11/12-16:14:47.471963 20db42500                  Options.bottommost_compression: Disabled
2022/11/12-16:14:47.471964 20db42500       Options.prefix_extractor: nullptr
2022/11/12-16:14:47.471964 20db42500   Options.memtable_insert_with_hint_prefix_extractor: nullptr
2022/11/12-16:14:47.471965 20db42500             Options.num_levels: 7
2022/11/12-16:14:47.471965 20db42500        Options.min_write_buffer_number_to_merge: 1
2022/11/12-16:14:47.471966 20db42500     Options.max_write_buffer_number_to_maintain: 0
2022/11/12-16:14:47.471966 20db42500     Options.max_write_buffer_size_to_maintain: 0
2022/11/12-16:14:47.471967 20db42500            Options.bottommost_compression_opts.window_bits: -14
2022/11/12-16:14:47.471967 20db42500                  Options.bottommost_compression_opts.level: 32767
2022/11/12-16:14:47.471968 20db42500               Options.bottommost_compression_opts.strategy: 0
2022/11/12-16:14:47.471968 20db42500         Options.bottommost_compression_opts.max_dict_bytes: 0
2022/11/12-16:14:47.471969 20db42500         Options.bottommost_compression_opts.zstd_max_train_bytes: 0
2022/11/12-16:14:47.471969 20db42500         Options.bottommost_compression_opts.parallel_threads: 1
2022/11/12-16:14:47.471970 20db42500                  Options.bottommost_compression_opts.enabled: false
2022/11/12-16:14:47.471970 20db42500         Options.bottommost_compression_opts.max_dict_buffer_bytes: 0
2022/11/12-16:14:47.471971 20db42500            Options.compression_opts.window_bits: -14
2022/11/12-16:14:47.471971 20db42500                  Options.compression_opts.level: 32767
2022/11/12-16:14:47.471972 20db42500               Options.compression_opts.strategy: 0
2022/11/12-16:14:47.471972 20db42500         Options.compression_opts.max_dict_bytes: 0
2022/11/12-16:14:47.471973 20db42500         Options.compression_opts.zstd_max_train_bytes: 0
2022/11/12-16:14:47.471973 20db42500         Options.compression_opts.parallel_threads: 1
2022/11/12-16:14:47.471974 20db42500                  Options.compression_opts.enabled: false
2022/11/12-16:14:47.471981 20db42500         Options.compression_opts.max_dict_buffer_bytes: 0
2022/11/12-16:14:47.471982 20db42500      Options.level0_file_num_compaction_trigger: 4
2022/11/12-16:14:47.471983 20db42500          Options.level0_slowdown_writes_trigger: 20
2022/11/12-16:14:47.471983 20db42500              Options.level0_stop_writes_trigger: 36
2022/11/12-16:14:47.471984 20db42500                   Options.target_file_size_base: 67108864
2022/11/12-16:14:47.471984 20db42500             Options.target_file_size_multiplier: 1
2022/11/12-16:14:47.471985 20db42500                Options.max_bytes_for_level_base: 268435456
2022/11/12-16:14:47.471985 20db42500 Options.level_compaction_dynamic_level_bytes: 0
2022/11/12-16:14:47.471986 20db42500          Options.max_bytes_for_level_multiplier: 10.000000
2022/11/12-16:14:47.471986 20db42500 Options.max_bytes_for_level_multiplier_addtl[0]: 1
2022/11/12-16:14:47.471987 20db42500 Options.max_bytes_for_level_multiplier_addtl[1]: 1
2022/11/12-16:14:47.471987 20db42500 Options.max_bytes_for_level_multiplier_addtl[2]: 1
2022/11/12-16:14:47.471988 20db42500 Options.max_bytes_for_level_multiplier_addtl[3]: 1
2022/11/12-16:14:47.471988 20db42500 Options.max_bytes_for_level_multiplier_addtl[4]: 1
2022/11/12-16:14:47.471989 20db42500 Options.max_bytes_for_level_multiplier_addtl[5]: 1
2022/11/12-16:14:47.471989 20db42500 Options.max_bytes_for_level_multiplier_addtl[6]: 1
2022/11/12-16:14:47.471990 20db42500       Options.max_sequential_skip_in_iterations: 8
2022/11/12-16:14:47.471990 20db42500                    Options.max_compaction_bytes: 1677721600
2022/11/12-16:14:47.471991 20db42500                        Options.arena_block_size: 8388608
2022/11/12-16:14:47.471991 20db42500   Options.soft_pending_compaction_bytes_limit: 68719476736
2022/11/12-16:14:47.471992 20db42500   Options.hard_pending_compaction_bytes_limit: 274877906944
2022/11/12-16:14:47.471993 20db42500       Options.rate_limit_delay_max_milliseconds: 100
2022/11/12-16:14:47.471993 20db42500                Options.disable_auto_compactions: 0
2022/11/12-16:14:47.471994 20db42500                        Options.compaction_style: kCompactionStyleLevel
2022/11/12-16:14:47.471994 20db42500                          Options.compaction_pri: kMinOverlappingRatio
2022/11/12-16:14:47.471995 20db42500 Options.compaction_options_universal.size_ratio: 1
2022/11/12-16:14:47.471995 20db42500 Options.compaction_options_universal.min_merge_width: 2
2022/11/12-16:14:47.471996 20db42500 Options.compaction_options_universal.max_merge_width: 4294967295
2022/11/12-16:14:47.471996 20db42500 Options.compaction_options_universal.max_size_amplification_percent: 200
2022/11/12-16:14:47.471997 20db42500 Options.compaction_options_universal.compression_size_percent: -1
2022/11/12-16:14:47.471997 20db42500 Options.compaction_options_universal.stop_style: kCompactionStopStyleTotalSize
2022/11/12-16:14:47.471998 20db42500 Options.compaction_options_fifo.max_table_files_size: 1073741824
2022/11/12-16:14:47.471998 20db42500 Options.compaction_options_fifo.allow_compaction: 0
2022/11/12-16:14:47.471999 20db42500                   Options.table_properties_collectors: 
2022/11/12-16:14:47.472000 20db42500                   Options.inplace_update_support: 0
2022/11/12-16:14:47.472000 20db42500                 Options.inplace_update_num_locks: 10000
2022/11/12-16:14:47.472001 20db42500               Options.memtable_prefix_bloom_size_ratio: 0.000000
2022/11/12-16:14:47.472001 20db42500               Options.memtable_whole_key_filtering: 0
2022/11/12-16:14:47.472002 20db42500   Options.memtable_huge_page_size: 0
2022/11/12-16:14:47.472002 20db42500                           Options.bloom_locality: 0
2022/11/12-16:14:47.472003 20db42500                    Options.max_successive_merges: 0
2022/11/12-16:14:47.472003 20db42500                Options.optimize_filters_for_hits: 0
2022/11/12-16:14:47.472004 20db42500                Options.paranoid_file_checks: 0
2022/11/12-16:14:47.472004 20db42500                Options.force_consistency_checks: 1
2022/11/12-16:14:47.472010 20db42500                Options.report_bg_io_stats: 0
2022/11/12-16:14:47.472010 20db42500                               Options.ttl: 2592000
2022/11/12-16:14:47.472011 20db42500          Options.periodic_compaction_seconds: 0
2022/11/12-16:14:47.472011 20db42500                    Options.enable_blob_files: false
2022/11/12-16:14:47.472012 20db42500                        Options.min_blob_size: 0
2022/11/12-16:14:47.472013 20db42500                       Options.blob_file_size: 268435456
2022/11/12-16:14:47.472013 20db42500                Options.blob_compression_type: NoCompression
2022/11/12-16:14:47.472014 20db42500       Options.enable_blob_garbage_collection: false
2022/11/12-16:14:47.472014 20db42500   Options.blob_garbage_collection_age_cutoff: 0.250000
2022/11/12-16:14:47.472035 20db42500 [db/db_impl/db_impl.cc:2662] Created column family [__STATE_AGGREGATOR__] (ID 1)
2022/11/12-16:14:47.472801 20db42500 [db/column_family.cc:598] --------------- Options for column family [__DB_METADATA__]:
2022/11/12-16:14:47.472802 20db42500               Options.comparator: leveldb.BytewiseComparator
2022/11/12-16:14:47.472803 20db42500           Options.merge_operator: None
2022/11/12-16:14:47.472803 20db42500        Options.compaction_filter: None
2022/11/12-16:14:47.472804 20db42500        Options.compaction_filter_factory: None
2022/11/12-16:14:47.472804 20db42500  Options.sst_partitioner_factory: None
2022/11/12-16:14:47.472805 20db42500         Options.memtable_factory: SkipListFactory
2022/11/12-16:14:47.472806 20db42500            Options.table_factory: BlockBasedTable
2022/11/12-16:14:47.472814 20db42500            table_factory options:   flush_block_policy_factory: FlushBlockBySizePolicyFactory (0x137f0c2b0)
  cache_index_and_filter_blocks: 0
  cache_index_and_filter_blocks_with_high_priority: 1
  pin_l0_filter_and_index_blocks_in_cache: 0
  pin_top_level_index_and_filter: 1
  index_type: 0
  data_block_index_type: 0
  index_shortening: 1
  data_block_hash_table_util_ratio: 0.750000
  hash_index_allow_collision: 1
  checksum: 1
  no_block_cache: 0
  block_cache: 0x137f0d648
  block_cache_name: LRUCache
  block_cache_options:
    capacity : 8388608
    num_shard_bits : 4
    strict_capacity_limit : 0
    memory_allocator : None
    high_pri_pool_ratio: 0.000
  block_cache_compressed: 0x0
  persistent_cache: 0x0
  block_size: 4096
  block_size_deviation: 10
  block_restart_interval: 16
  index_block_restart_interval: 1
  metadata_block_size: 4096
  partition_filters: 0
  use_delta_encoding: 1
  filter_policy: nullptr
  whole_key_filtering: 1
  verify_compression: 0
  read_amp_bytes_per_bit: 0
  format_version: 5
  enable_index_compression: 1
  block_align: 0
2022/11/12-16:14:47.472816 20db42500        Options.write_buffer_size: 67108864
2022/11/12-16:14:47.472816 20db42500  Options.max_write_buffer_number: 2
2022/11/12-16:14:47.472817 20db42500          Options.compression: NoCompression
2022/11/12-16:14:47.472818 20db42500                  Options.bottommost_compression: Disabled
2022/11/12-16:14:47.472818 20db42500       Options.prefix_extractor: nullptr
2022/11/12-16:14:47.472819 20db42500   Options.memtable_insert_with_hint_prefix_extractor: nullptr
2022/11/12-16:14:47.472819 20db42500             Options.num_levels: 7
2022/11/12-16:14:47.472820 20db42500        Options.min_write_buffer_number_to_merge: 1
2022/11/12-16:14:47.472820 20db42500     Options.max_write_buffer_number_to_maintain: 0
2022/11/12-16:14:47.472821 20db42500     Options.max_write_buffer_size_to_maintain: 0
2022/11/12-16:14:47.472821 20db42500            Options.bottommost_compression_opts.window_bits: -14
2022/11/12-16:14:47.472822 20db42500                  Options.bottommost_compression_opts.level: 32767
2022/11/12-16:14:47.472822 20db42500               Options.bottommost_compression_opts.strategy: 0
2022/11/12-16:14:47.472823 20db42500         Options.bottommost_compression_opts.max_dict_bytes: 0
2022/11/12-16:14:47.472823 20db42500         Options.bottommost_compression_opts.zstd_max_train_bytes: 0
2022/11/12-16:14:47.472824 20db42500         Options.bottommost_compression_opts.parallel_threads: 1
2022/11/12-16:14:47.472824 20db42500                  Options.bottommost_compression_opts.enabled: false
2022/11/12-16:14:47.472825 20db42500         Options.bottommost_compression_opts.max_dict_buffer_bytes: 0
2022/11/12-16:14:47.472825 20db42500            Options.compression_opts.window_bits: -14
2022/11/12-16:14:47.472826 20db42500                  Options.compression_opts.level: 32767
2022/11/12-16:14:47.472827 20db42500               Options.compression_opts.strategy: 0
2022/11/12-16:14:47.472827 20db42500         Options.compression_opts.max_dict_bytes: 0
2022/11/12-16:14:47.472828 20db42500         Options.compression_opts.zstd_max_train_bytes: 0
2022/11/12-16:14:47.472828 20db42500         Options.compression_opts.parallel_threads: 1
2022/11/12-16:14:47.472829 20db42500                  Options.compression_opts.enabled: false
2022/11/12-16:14:47.472841 20db42500         Options.compression_opts.max_dict_buffer_bytes: 0
2022/11/12-16:14:47.472841 20db42500      Options.level0_file_num_compaction_trigger: 4
2022/11/12-16:14:47.472842 20db42500          Options.level0_slowdown_writes_trigger: 20
2022/11/12-16:14:47.472843 20db42500              Options.level0_stop_writes_trigger: 36
2022/11/12-16:14:47.472843 20db42500                   Options.target_file_size_base: 67108864
2022/11/12-16:14:47.472844 20db42500             Options.target_file_size_multiplier: 1
2022/11/12-16:14:47.472844 20db42500                Options.max_bytes_for_level_base: 268435456
2022/11/12-16:14:47.472845 20db42500 Options.level_compaction_dynamic_level_bytes: 0
2022/11/12-16:14:47.472845 20db42500          Options.max_bytes_for_level_multiplier: 10.000000
2022/11/12-16:14:47.472846 20db42500 Options.max_bytes_for_level_multiplier_addtl[0]: 1
2022/11/12-16:14:47.472847 20db42500 Options.max_bytes_for_level_multiplier_addtl[1]: 1
2022/11/12-16:14:47.472847 20db42500 Options.max_bytes_for_level_multiplier_addtl[2]: 1
2022/11/12-16:14:47.472848 20db42500 Options.max_bytes_for_level_multiplier_addtl[3]: 1
2022/11/12-16:14:47.472848 20db42500 Options.max_bytes_for_level_multiplier_addtl[4]: 1
2022/11/12-16:14:47.472849 20db42500 Options.max_bytes_for_level_multiplier_addtl[5]: 1
2022/11/12-16:14:47.472849 20db42500 Options.max_bytes_for_level_multiplier_addtl[6]: 1
2022/11/12-16:14:47.472850 20db42500       Options.max_sequential_skip_in_iterations: 8
2022/11/12-16:14:47.472850 20db42500                    Options.max_compaction_bytes: 1677721600
2022/11/12-16:14:47.472851 20db42500                        Options.arena_block_size: 8388608
2022/11/12-16:14:47.472851 20db42500   Options.soft_pending_compaction_bytes_limit: 68719476736
2022/11/12-16:14:47.472852 20db42500   Options.hard_pending_compaction_bytes_limit: 274877906944
2022/11/12-16:14:47.472852 20db42500       Options.rate_limit_delay_max_milliseconds: 100
2022/11/12-16:14:47.472853 20db42500                Options.disable_auto_compactions: 0
2022/11/12-16:14:47.472853 20db42500                        Options.compaction_style: kCompactionStyleLevel
2022/11/12-16:14:47.472854 20db42500                          Options.compaction_pri: kMinOverlappingRatio
2022/11/12-16:14:47.472854 20db42500 Options.compaction_options_universal.size_ratio: 1
2022/11/12-16:14:47.472855 20db42500 Options.compaction_options_universal.min_merge_width: 2
2022/11/12-16:14:47.472856 20db42500 Options.compaction_options_universal.max_merge_width: 4294967295
2022/11/12-16:14:47.472856 20db42500 Options.compaction_options_universal.max_size_amplification_percent: 200
2022/11/12-16:14:47.472857 20db42500 Options.compaction_options_universal.compression_size_percent: -1
2022/11/12-16:14:47.472857 20db42500 Options.compaction_options_universal.stop_style: kCompactionStopStyleTotalSize
2022/11/12-16:14:47.472858 20db42500 Options.compaction_options_fifo.max_table_files_size: 1073741824
2022/11/12-16:14:47.472858 20db42500 Options.compaction_options_fifo.allow_compaction: 0
2022/11/12-16:14:47.472859 20db42500                   Options.table_properties_collectors: 
2022/11/12-16:14:47.472860 20db42500                   Options.inplace_update_support: 0
2022/11/12-16:14:47.472860 20db42500                 Options.inplace_update_num_locks: 10000
2022/11/12-16:14:47.472861 20db42500               Options.memtable_prefix_bloom_size_ratio: 0.000000
2022/11/12-16:14:47.472861 20db42500               Options.memtable_whole_key_filtering: 0
2022/11/12-16:14:47.472862 20db42500   Options.memtable_huge_page_size: 0
