2022/10/21-20:33:14.675064 7f9b8efd0040 RocksDB version: 6.20.3
2022/10/21-20:33:14.675368 7f9b8efd0040 Git sha 8608d75d85f8e1b3b64b73a4fb6d19baec61ba5c
2022/10/21-20:33:14.675373 7f9b8efd0040 Compile date 2021-05-05 20:35:30
2022/10/21-20:33:14.675462 7f9b8efd0040 DB SUMMARY
2022/10/21-20:33:14.675465 7f9b8efd0040 DB Session ID:  ILZODFAD54CJ8IJA6GWX
2022/10/21-20:33:14.675500 7f9b8efd0040 SST files in 2/db dir, Total Num: 0, files: 
2022/10/21-20:33:14.675505 7f9b8efd0040 Write Ahead Log file in 2/db: 
2022/10/21-20:33:14.675507 7f9b8efd0040                         Options.error_if_exists: 0
2022/10/21-20:33:14.675510 7f9b8efd0040                       Options.create_if_missing: 1
2022/10/21-20:33:14.675512 7f9b8efd0040                         Options.paranoid_checks: 1
2022/10/21-20:33:14.675514 7f9b8efd0040                               Options.track_and_verify_wals_in_manifest: 0
2022/10/21-20:33:14.675516 7f9b8efd0040                                     Options.env: 0x563cb52bf540
2022/10/21-20:33:14.675519 7f9b8efd0040                                      Options.fs: Posix File System
2022/10/21-20:33:14.675521 7f9b8efd0040                                Options.info_log: 0x563cb64ee6c0
2022/10/21-20:33:14.675523 7f9b8efd0040                Options.max_file_opening_threads: 16
2022/10/21-20:33:14.675524 7f9b8efd0040                              Options.statistics: (nil)
2022/10/21-20:33:14.675527 7f9b8efd0040                               Options.use_fsync: 0
2022/10/21-20:33:14.675529 7f9b8efd0040                       Options.max_log_file_size: 0
2022/10/21-20:33:14.675531 7f9b8efd0040                  Options.max_manifest_file_size: 1073741824
2022/10/21-20:33:14.675533 7f9b8efd0040                   Options.log_file_time_to_roll: 0
2022/10/21-20:33:14.675535 7f9b8efd0040                       Options.keep_log_file_num: 1000
2022/10/21-20:33:14.675536 7f9b8efd0040                    Options.recycle_log_file_num: 0
2022/10/21-20:33:14.675538 7f9b8efd0040                         Options.allow_fallocate: 1
2022/10/21-20:33:14.675540 7f9b8efd0040                        Options.allow_mmap_reads: 0
2022/10/21-20:33:14.675541 7f9b8efd0040                       Options.allow_mmap_writes: 0
2022/10/21-20:33:14.675543 7f9b8efd0040                        Options.use_direct_reads: 0
2022/10/21-20:33:14.675545 7f9b8efd0040                        Options.use_direct_io_for_flush_and_compaction: 0
2022/10/21-20:33:14.675546 7f9b8efd0040          Options.create_missing_column_families: 0
2022/10/21-20:33:14.675548 7f9b8efd0040                              Options.db_log_dir: 
2022/10/21-20:33:14.675549 7f9b8efd0040                                 Options.wal_dir: 2/db
2022/10/21-20:33:14.675551 7f9b8efd0040                Options.table_cache_numshardbits: 6
2022/10/21-20:33:14.675553 7f9b8efd0040                         Options.WAL_ttl_seconds: 0
2022/10/21-20:33:14.675555 7f9b8efd0040                       Options.WAL_size_limit_MB: 0
2022/10/21-20:33:14.675556 7f9b8efd0040                        Options.max_write_batch_group_size_bytes: 1048576
2022/10/21-20:33:14.675558 7f9b8efd0040             Options.manifest_preallocation_size: 4194304
2022/10/21-20:33:14.675560 7f9b8efd0040                     Options.is_fd_close_on_exec: 1
2022/10/21-20:33:14.675561 7f9b8efd0040                   Options.advise_random_on_open: 1
2022/10/21-20:33:14.675563 7f9b8efd0040                    Options.db_write_buffer_size: 0
2022/10/21-20:33:14.675564 7f9b8efd0040                    Options.write_buffer_manager: 0x563cb64ee480
2022/10/21-20:33:14.675566 7f9b8efd0040         Options.access_hint_on_compaction_start: 1
2022/10/21-20:33:14.675567 7f9b8efd0040  Options.new_table_reader_for_compaction_inputs: 0
2022/10/21-20:33:14.675569 7f9b8efd0040           Options.random_access_max_buffer_size: 1048576
2022/10/21-20:33:14.675571 7f9b8efd0040                      Options.use_adaptive_mutex: 0
2022/10/21-20:33:14.675572 7f9b8efd0040                            Options.rate_limiter: (nil)
2022/10/21-20:33:14.675574 7f9b8efd0040     Options.sst_file_manager.rate_bytes_per_sec: 0
2022/10/21-20:33:14.675576 7f9b8efd0040                       Options.wal_recovery_mode: 2
2022/10/21-20:33:14.675613 7f9b8efd0040                  Options.enable_thread_tracking: 0
2022/10/21-20:33:14.675616 7f9b8efd0040                  Options.enable_pipelined_write: 0
2022/10/21-20:33:14.675617 7f9b8efd0040                  Options.unordered_write: 0
2022/10/21-20:33:14.675619 7f9b8efd0040         Options.allow_concurrent_memtable_write: 1
2022/10/21-20:33:14.675621 7f9b8efd0040      Options.enable_write_thread_adaptive_yield: 1
2022/10/21-20:33:14.675622 7f9b8efd0040             Options.write_thread_max_yield_usec: 100
2022/10/21-20:33:14.675624 7f9b8efd0040            Options.write_thread_slow_yield_usec: 3
2022/10/21-20:33:14.675625 7f9b8efd0040                               Options.row_cache: None
2022/10/21-20:33:14.675627 7f9b8efd0040                              Options.wal_filter: None
2022/10/21-20:33:14.675629 7f9b8efd0040             Options.avoid_flush_during_recovery: 0
2022/10/21-20:33:14.675630 7f9b8efd0040             Options.allow_ingest_behind: 0
2022/10/21-20:33:14.675632 7f9b8efd0040             Options.preserve_deletes: 0
2022/10/21-20:33:14.675633 7f9b8efd0040             Options.two_write_queues: 0
2022/10/21-20:33:14.675635 7f9b8efd0040             Options.manual_wal_flush: 0
2022/10/21-20:33:14.675636 7f9b8efd0040             Options.atomic_flush: 0
2022/10/21-20:33:14.675638 7f9b8efd0040             Options.avoid_unnecessary_blocking_io: 0
2022/10/21-20:33:14.675639 7f9b8efd0040                 Options.persist_stats_to_disk: 0
2022/10/21-20:33:14.675641 7f9b8efd0040                 Options.write_dbid_to_manifest: 0
2022/10/21-20:33:14.675643 7f9b8efd0040                 Options.log_readahead_size: 0
2022/10/21-20:33:14.675644 7f9b8efd0040                 Options.file_checksum_gen_factory: Unknown
2022/10/21-20:33:14.675646 7f9b8efd0040                 Options.best_efforts_recovery: 0
2022/10/21-20:33:14.675647 7f9b8efd0040                Options.max_bgerror_resume_count: 2147483647
2022/10/21-20:33:14.675649 7f9b8efd0040            Options.bgerror_resume_retry_interval: 1000000
2022/10/21-20:33:14.675650 7f9b8efd0040             Options.allow_data_in_errors: 0
2022/10/21-20:33:14.675652 7f9b8efd0040             Options.db_host_id: __hostname__
2022/10/21-20:33:14.675654 7f9b8efd0040             Options.max_background_jobs: 2
2022/10/21-20:33:14.675655 7f9b8efd0040             Options.max_background_compactions: -1
2022/10/21-20:33:14.675657 7f9b8efd0040             Options.max_subcompactions: 1
2022/10/21-20:33:14.675659 7f9b8efd0040             Options.avoid_flush_during_shutdown: 0
2022/10/21-20:33:14.675661 7f9b8efd0040           Options.writable_file_max_buffer_size: 1048576
2022/10/21-20:33:14.675662 7f9b8efd0040             Options.delayed_write_rate : 16777216
2022/10/21-20:33:14.675664 7f9b8efd0040             Options.max_total_wal_size: 0
2022/10/21-20:33:14.675665 7f9b8efd0040             Options.delete_obsolete_files_period_micros: 21600000000
2022/10/21-20:33:14.675667 7f9b8efd0040                   Options.stats_dump_period_sec: 600
2022/10/21-20:33:14.675669 7f9b8efd0040                 Options.stats_persist_period_sec: 600
2022/10/21-20:33:14.675670 7f9b8efd0040                 Options.stats_history_buffer_size: 1048576
2022/10/21-20:33:14.675672 7f9b8efd0040                          Options.max_open_files: -1
2022/10/21-20:33:14.675674 7f9b8efd0040                          Options.bytes_per_sync: 0
2022/10/21-20:33:14.675675 7f9b8efd0040                      Options.wal_bytes_per_sync: 0
2022/10/21-20:33:14.675677 7f9b8efd0040                   Options.strict_bytes_per_sync: 0
2022/10/21-20:33:14.675679 7f9b8efd0040       Options.compaction_readahead_size: 0
2022/10/21-20:33:14.675680 7f9b8efd0040                  Options.max_background_flushes: -1
2022/10/21-20:33:14.675682 7f9b8efd0040 Compression algorithms supported:
2022/10/21-20:33:14.675684 7f9b8efd0040 	kZSTD supported: 0
2022/10/21-20:33:14.675686 7f9b8efd0040 	kXpressCompression supported: 0
2022/10/21-20:33:14.675689 7f9b8efd0040 	kBZip2Compression supported: 0
2022/10/21-20:33:14.675734 7f9b8efd0040 	kZSTDNotFinalCompression supported: 0
2022/10/21-20:33:14.675738 7f9b8efd0040 	kLZ4Compression supported: 0
2022/10/21-20:33:14.675740 7f9b8efd0040 	kZlibCompression supported: 0
2022/10/21-20:33:14.675742 7f9b8efd0040 	kLZ4HCCompression supported: 0
2022/10/21-20:33:14.675743 7f9b8efd0040 	kSnappyCompression supported: 1
2022/10/21-20:33:14.675748 7f9b8efd0040 Fast CRC32 supported: Not supported on x86
2022/10/21-20:33:14.695878 7f9b8efd0040 [db/db_impl/db_impl_open.cc:285] Creating manifest 1 
2022/10/21-20:33:14.706489 7f9b8efd0040 [db/version_set.cc:4626] Recovering from manifest file: 2/db/MANIFEST-000001
2022/10/21-20:33:14.706808 7f9b8efd0040 [db/column_family.cc:596] --------------- Options for column family [default]:
2022/10/21-20:33:14.706816 7f9b8efd0040               Options.comparator: leveldb.BytewiseComparator
2022/10/21-20:33:14.706820 7f9b8efd0040           Options.merge_operator: None
2022/10/21-20:33:14.706823 7f9b8efd0040        Options.compaction_filter: None
2022/10/21-20:33:14.706825 7f9b8efd0040        Options.compaction_filter_factory: None
2022/10/21-20:33:14.706827 7f9b8efd0040  Options.sst_partitioner_factory: None
2022/10/21-20:33:14.706831 7f9b8efd0040         Options.memtable_factory: SkipListFactory
2022/10/21-20:33:14.706832 7f9b8efd0040            Options.table_factory: BlockBasedTable
2022/10/21-20:33:14.706970 7f9b8efd0040            table_factory options:   flush_block_policy_factory: FlushBlockBySizePolicyFactory (0x563cb64ed250)
  cache_index_and_filter_blocks: 0
  cache_index_and_filter_blocks_with_high_priority: 1
  pin_l0_filter_and_index_blocks_in_cache: 0
  pin_top_level_index_and_filter: 1
  index_type: 0
  data_block_index_type: 0
  index_shortening: 1
  data_block_hash_table_util_ratio: 0.750000
  hash_index_allow_collision: 1
  checksum: 1
  no_block_cache: 0
  block_cache: 0x563cb64ec9c0
  block_cache_name: LRUCache
  block_cache_options:
    capacity : 8388608
    num_shard_bits : 4
    strict_capacity_limit : 0
    memory_allocator : None
    high_pri_pool_ratio: 0.000
  block_cache_compressed: (nil)
  persistent_cache: (nil)
  block_size: 4096
  block_size_deviation: 10
  block_restart_interval: 16
  index_block_restart_interval: 1
  metadata_block_size: 4096
  partition_filters: 0
  use_delta_encoding: 1
  filter_policy: nullptr
  whole_key_filtering: 1
  verify_compression: 0
  read_amp_bytes_per_bit: 0
  format_version: 5
  enable_index_compression: 1
  block_align: 0
2022/10/21-20:33:14.707016 7f9b8efd0040        Options.write_buffer_size: 67108864
2022/10/21-20:33:14.707018 7f9b8efd0040  Options.max_write_buffer_number: 2
2022/10/21-20:33:14.707021 7f9b8efd0040          Options.compression: NoCompression
2022/10/21-20:33:14.707023 7f9b8efd0040                  Options.bottommost_compression: Disabled
2022/10/21-20:33:14.707025 7f9b8efd0040       Options.prefix_extractor: nullptr
2022/10/21-20:33:14.707027 7f9b8efd0040   Options.memtable_insert_with_hint_prefix_extractor: nullptr
2022/10/21-20:33:14.707029 7f9b8efd0040             Options.num_levels: 7
2022/10/21-20:33:14.707031 7f9b8efd0040        Options.min_write_buffer_number_to_merge: 1
2022/10/21-20:33:14.707033 7f9b8efd0040     Options.max_write_buffer_number_to_maintain: 0
2022/10/21-20:33:14.707036 7f9b8efd0040     Options.max_write_buffer_size_to_maintain: 0
2022/10/21-20:33:14.707037 7f9b8efd0040            Options.bottommost_compression_opts.window_bits: -14
2022/10/21-20:33:14.707039 7f9b8efd0040                  Options.bottommost_compression_opts.level: 32767
2022/10/21-20:33:14.707042 7f9b8efd0040               Options.bottommost_compression_opts.strategy: 0
2022/10/21-20:33:14.707044 7f9b8efd0040         Options.bottommost_compression_opts.max_dict_bytes: 0
2022/10/21-20:33:14.707045 7f9b8efd0040         Options.bottommost_compression_opts.zstd_max_train_bytes: 0
2022/10/21-20:33:14.707047 7f9b8efd0040         Options.bottommost_compression_opts.parallel_threads: 1
2022/10/21-20:33:14.707049 7f9b8efd0040                  Options.bottommost_compression_opts.enabled: false
2022/10/21-20:33:14.707334 7f9b8efd0040         Options.bottommost_compression_opts.max_dict_buffer_bytes: 0
2022/10/21-20:33:14.707344 7f9b8efd0040            Options.compression_opts.window_bits: -14
2022/10/21-20:33:14.707346 7f9b8efd0040                  Options.compression_opts.level: 32767
2022/10/21-20:33:14.707347 7f9b8efd0040               Options.compression_opts.strategy: 0
2022/10/21-20:33:14.707349 7f9b8efd0040         Options.compression_opts.max_dict_bytes: 0
2022/10/21-20:33:14.707350 7f9b8efd0040         Options.compression_opts.zstd_max_train_bytes: 0
2022/10/21-20:33:14.707352 7f9b8efd0040         Options.compression_opts.parallel_threads: 1
2022/10/21-20:33:14.707354 7f9b8efd0040                  Options.compression_opts.enabled: false
2022/10/21-20:33:14.707355 7f9b8efd0040         Options.compression_opts.max_dict_buffer_bytes: 0
2022/10/21-20:33:14.707358 7f9b8efd0040      Options.level0_file_num_compaction_trigger: 4
2022/10/21-20:33:14.707359 7f9b8efd0040          Options.level0_slowdown_writes_trigger: 20
2022/10/21-20:33:14.707361 7f9b8efd0040              Options.level0_stop_writes_trigger: 36
2022/10/21-20:33:14.707362 7f9b8efd0040                   Options.target_file_size_base: 67108864
2022/10/21-20:33:14.707364 7f9b8efd0040             Options.target_file_size_multiplier: 1
2022/10/21-20:33:14.707366 7f9b8efd0040                Options.max_bytes_for_level_base: 268435456
2022/10/21-20:33:14.707367 7f9b8efd0040 Options.level_compaction_dynamic_level_bytes: 0
2022/10/21-20:33:14.707369 7f9b8efd0040          Options.max_bytes_for_level_multiplier: 10.000000
2022/10/21-20:33:14.707375 7f9b8efd0040 Options.max_bytes_for_level_multiplier_addtl[0]: 1
2022/10/21-20:33:14.707377 7f9b8efd0040 Options.max_bytes_for_level_multiplier_addtl[1]: 1
2022/10/21-20:33:14.707379 7f9b8efd0040 Options.max_bytes_for_level_multiplier_addtl[2]: 1
2022/10/21-20:33:14.707381 7f9b8efd0040 Options.max_bytes_for_level_multiplier_addtl[3]: 1
2022/10/21-20:33:14.707382 7f9b8efd0040 Options.max_bytes_for_level_multiplier_addtl[4]: 1
2022/10/21-20:33:14.707384 7f9b8efd0040 Options.max_bytes_for_level_multiplier_addtl[5]: 1
2022/10/21-20:33:14.707386 7f9b8efd0040 Options.max_bytes_for_level_multiplier_addtl[6]: 1
2022/10/21-20:33:14.707387 7f9b8efd0040       Options.max_sequential_skip_in_iterations: 8
2022/10/21-20:33:14.707389 7f9b8efd0040                    Options.max_compaction_bytes: 1677721600
2022/10/21-20:33:14.707391 7f9b8efd0040                        Options.arena_block_size: 8388608
2022/10/21-20:33:14.707392 7f9b8efd0040   Options.soft_pending_compaction_bytes_limit: 68719476736
2022/10/21-20:33:14.707395 7f9b8efd0040   Options.hard_pending_compaction_bytes_limit: 274877906944
2022/10/21-20:33:14.707396 7f9b8efd0040       Options.rate_limit_delay_max_milliseconds: 100
2022/10/21-20:33:14.707398 7f9b8efd0040                Options.disable_auto_compactions: 0
2022/10/21-20:33:14.707405 7f9b8efd0040                        Options.compaction_style: kCompactionStyleLevel
2022/10/21-20:33:14.707409 7f9b8efd0040                          Options.compaction_pri: kMinOverlappingRatio
2022/10/21-20:33:14.707411 7f9b8efd0040 Options.compaction_options_universal.size_ratio: 1
2022/10/21-20:33:14.707412 7f9b8efd0040 Options.compaction_options_universal.min_merge_width: 2
2022/10/21-20:33:14.707414 7f9b8efd0040 Options.compaction_options_universal.max_merge_width: 4294967295
2022/10/21-20:33:14.707416 7f9b8efd0040 Options.compaction_options_universal.max_size_amplification_percent: 200
2022/10/21-20:33:14.707417 7f9b8efd0040 Options.compaction_options_universal.compression_size_percent: -1
2022/10/21-20:33:14.707422 7f9b8efd0040 Options.compaction_options_universal.stop_style: kCompactionStopStyleTotalSize
2022/10/21-20:33:14.707424 7f9b8efd0040 Options.compaction_options_fifo.max_table_files_size: 1073741824
2022/10/21-20:33:14.707426 7f9b8efd0040 Options.compaction_options_fifo.allow_compaction: 0
2022/10/21-20:33:14.707452 7f9b8efd0040                   Options.table_properties_collectors: 
2022/10/21-20:33:14.707454 7f9b8efd0040                   Options.inplace_update_support: 0
2022/10/21-20:33:14.707489 7f9b8efd0040                 Options.inplace_update_num_locks: 10000
2022/10/21-20:33:14.707492 7f9b8efd0040               Options.memtable_prefix_bloom_size_ratio: 0.000000
2022/10/21-20:33:14.707495 7f9b8efd0040               Options.memtable_whole_key_filtering: 0
2022/10/21-20:33:14.707497 7f9b8efd0040   Options.memtable_huge_page_size: 0
2022/10/21-20:33:14.707498 7f9b8efd0040                           Options.bloom_locality: 0
2022/10/21-20:33:14.707500 7f9b8efd0040                    Options.max_successive_merges: 0
2022/10/21-20:33:14.707501 7f9b8efd0040                Options.optimize_filters_for_hits: 0
2022/10/21-20:33:14.707502 7f9b8efd0040                Options.paranoid_file_checks: 0
2022/10/21-20:33:14.707504 7f9b8efd0040                Options.force_consistency_checks: 1
2022/10/21-20:33:14.707505 7f9b8efd0040                Options.report_bg_io_stats: 0
2022/10/21-20:33:14.707507 7f9b8efd0040                               Options.ttl: 2592000
2022/10/21-20:33:14.707508 7f9b8efd0040          Options.periodic_compaction_seconds: 0
2022/10/21-20:33:14.707510 7f9b8efd0040                    Options.enable_blob_files: false
2022/10/21-20:33:14.707511 7f9b8efd0040                        Options.min_blob_size: 0
2022/10/21-20:33:14.707513 7f9b8efd0040                       Options.blob_file_size: 268435456
2022/10/21-20:33:14.707514 7f9b8efd0040                Options.blob_compression_type: NoCompression
2022/10/21-20:33:14.707516 7f9b8efd0040       Options.enable_blob_garbage_collection: false
2022/10/21-20:33:14.707517 7f9b8efd0040   Options.blob_garbage_collection_age_cutoff: 0.250000
2022/10/21-20:33:14.711482 7f9b8efd0040 [db/version_set.cc:4666] Recovered from manifest file:2/db/MANIFEST-000001 succeeded,manifest_file_number is 1, next_file_number is 3, last_sequence is 0, log_number is 0,prev_log_number is 0,max_column_family is 0,min_log_number_to_keep is 0
2022/10/21-20:33:14.711521 7f9b8efd0040 [db/version_set.cc:4681] Column family [default] (ID 0), log number is 0
2022/10/21-20:33:14.711871 7f9b8efd0040 [db/version_set.cc:4118] Creating manifest 4
2022/10/21-20:33:14.748102 7f9b8efd0040 [db/db_impl/db_impl_open.cc:1756] SstFileManager instance 0x563cb64e8fa0
2022/10/21-20:33:14.748137 7f9b8efd0040 DB pointer 0x563cb64f21f0
2022/10/21-20:33:14.748789 7f9b6d7fa640 [db/db_impl/db_impl.cc:931] ------- DUMPING STATS -------
2022/10/21-20:33:14.748862 7f9b6d7fa640 [db/db_impl/db_impl.cc:933] 
** DB Stats **
Uptime(secs): 0.0 total, 0.0 interval
Cumulative writes: 0 writes, 0 keys, 0 commit groups, 0.0 writes per commit group, ingest: 0.00 GB, 0.00 MB/s
Cumulative WAL: 0 writes, 0 syncs, 0.00 writes per sync, written: 0.00 GB, 0.00 MB/s
Cumulative stall: 00:00:0.000 H:M:S, 0.0 percent
Interval writes: 0 writes, 0 keys, 0 commit groups, 0.0 writes per commit group, ingest: 0.00 MB, 0.00 MB/s
Interval WAL: 0 writes, 0 syncs, 0.00 writes per sync, written: 0.00 MB, 0.00 MB/s
Interval stall: 00:00:0.000 H:M:S, 0.0 percent

** Compaction Stats [default] **
Level    Files   Size     Score Read(GB)  Rn(GB) Rnp1(GB) Write(GB) Wnew(GB) Moved(GB) W-Amp Rd(MB/s) Wr(MB/s) Comp(sec) CompMergeCPU(sec) Comp(cnt) Avg(sec) KeyIn KeyDrop Rblob(GB) Wblob(GB)
------------------------------------------------------------------------------------------------------------------------------------------------------------------------------------------------
 Sum      0/0    0.00 KB   0.0      0.0     0.0      0.0       0.0      0.0       0.0   0.0      0.0      0.0      0.00              0.00         0    0.000       0      0       0.0       0.0
 Int      0/0    0.00 KB   0.0      0.0     0.0      0.0       0.0      0.0       0.0   0.0      0.0      0.0      0.00              0.00         0    0.000       0      0       0.0       0.0

** Compaction Stats [default] **
Priority    Files   Size     Score Read(GB)  Rn(GB) Rnp1(GB) Write(GB) Wnew(GB) Moved(GB) W-Amp Rd(MB/s) Wr(MB/s) Comp(sec) CompMergeCPU(sec) Comp(cnt) Avg(sec) KeyIn KeyDrop Rblob(GB) Wblob(GB)
---------------------------------------------------------------------------------------------------------------------------------------------------------------------------------------------------

Blob file count: 0, total size: 0.0 GB

Uptime(secs): 0.0 total, 0.0 interval
Flush(GB): cumulative 0.000, interval 0.000
AddFile(GB): cumulative 0.000, interval 0.000
AddFile(Total Files): cumulative 0, interval 0
AddFile(L0 Files): cumulative 0, interval 0
AddFile(Keys): cumulative 0, interval 0
Cumulative compaction: 0.00 GB write, 0.00 MB/s write, 0.00 GB read, 0.00 MB/s read, 0.0 seconds
Interval compaction: 0.00 GB write, 0.00 MB/s write, 0.00 GB read, 0.00 MB/s read, 0.0 seconds
Stalls(count): 0 level0_slowdown, 0 level0_slowdown_with_compaction, 0 level0_numfiles, 0 level0_numfiles_with_compaction, 0 stop for pending_compaction_bytes, 0 slowdown for pending_compaction_bytes, 0 memtable_compaction, 0 memtable_slowdown, interval 0 total count

** File Read Latency Histogram By Level [default] **

** Compaction Stats [default] **
Level    Files   Size     Score Read(GB)  Rn(GB) Rnp1(GB) Write(GB) Wnew(GB) Moved(GB) W-Amp Rd(MB/s) Wr(MB/s) Comp(sec) CompMergeCPU(sec) Comp(cnt) Avg(sec) KeyIn KeyDrop Rblob(GB) Wblob(GB)
------------------------------------------------------------------------------------------------------------------------------------------------------------------------------------------------
 Sum      0/0    0.00 KB   0.0      0.0     0.0      0.0       0.0      0.0       0.0   0.0      0.0      0.0      0.00              0.00         0    0.000       0      0       0.0       0.0
 Int      0/0    0.00 KB   0.0      0.0     0.0      0.0       0.0      0.0       0.0   0.0      0.0      0.0      0.00              0.00         0    0.000       0      0       0.0       0.0

** Compaction Stats [default] **
Priority    Files   Size     Score Read(GB)  Rn(GB) Rnp1(GB) Write(GB) Wnew(GB) Moved(GB) W-Amp Rd(MB/s) Wr(MB/s) Comp(sec) CompMergeCPU(sec) Comp(cnt) Avg(sec) KeyIn KeyDrop Rblob(GB) Wblob(GB)
---------------------------------------------------------------------------------------------------------------------------------------------------------------------------------------------------

Blob file count: 0, total size: 0.0 GB

Uptime(secs): 0.0 total, 0.0 interval
Flush(GB): cumulative 0.000, interval 0.000
AddFile(GB): cumulative 0.000, interval 0.000
AddFile(Total Files): cumulative 0, interval 0
AddFile(L0 Files): cumulative 0, interval 0
AddFile(Keys): cumulative 0, interval 0
Cumulative compaction: 0.00 GB write, 0.00 MB/s write, 0.00 GB read, 0.00 MB/s read, 0.0 seconds
Interval compaction: 0.00 GB write, 0.00 MB/s write, 0.00 GB read, 0.00 MB/s read, 0.0 seconds
Stalls(count): 0 level0_slowdown, 0 level0_slowdown_with_compaction, 0 level0_numfiles, 0 level0_numfiles_with_compaction, 0 stop for pending_compaction_bytes, 0 slowdown for pending_compaction_bytes, 0 memtable_compaction, 0 memtable_slowdown, interval 0 total count

** File Read Latency Histogram By Level [default] **
2022/10/21-20:33:14.751053 7f9b8efd0040 [db/column_family.cc:596] --------------- Options for column family [__STATE_AGGREGATOR__]:
2022/10/21-20:33:14.751067 7f9b8efd0040               Options.comparator: leveldb.BytewiseComparator
2022/10/21-20:33:14.751070 7f9b8efd0040           Options.merge_operator: None
2022/10/21-20:33:14.751072 7f9b8efd0040        Options.compaction_filter: None
2022/10/21-20:33:14.751074 7f9b8efd0040        Options.compaction_filter_factory: None
2022/10/21-20:33:14.751076 7f9b8efd0040  Options.sst_partitioner_factory: None
2022/10/21-20:33:14.751078 7f9b8efd0040         Options.memtable_factory: SkipListFactory
2022/10/21-20:33:14.751080 7f9b8efd0040            Options.table_factory: BlockBasedTable
2022/10/21-20:33:14.751139 7f9b8efd0040            table_factory options:   flush_block_policy_factory: FlushBlockBySizePolicyFactory (0x563cb64fe490)
  cache_index_and_filter_blocks: 0
  cache_index_and_filter_blocks_with_high_priority: 1
  pin_l0_filter_and_index_blocks_in_cache: 0
  pin_top_level_index_and_filter: 1
  index_type: 0
  data_block_index_type: 0
  index_shortening: 1
  data_block_hash_table_util_ratio: 0.750000
  hash_index_allow_collision: 1
  checksum: 1
  no_block_cache: 0
  block_cache: 0x563cb6549280
  block_cache_name: LRUCache
  block_cache_options:
    capacity : 8388608
    num_shard_bits : 4
    strict_capacity_limit : 0
    memory_allocator : None
    high_pri_pool_ratio: 0.000
  block_cache_compressed: (nil)
  persistent_cache: (nil)
  block_size: 4096
  block_size_deviation: 10
  block_restart_interval: 16
  index_block_restart_interval: 1
  metadata_block_size: 4096
  partition_filters: 0
  use_delta_encoding: 1
  filter_policy: nullptr
  whole_key_filtering: 1
  verify_compression: 0
  read_amp_bytes_per_bit: 0
  format_version: 5
  enable_index_compression: 1
  block_align: 0
2022/10/21-20:33:14.751147 7f9b8efd0040        Options.write_buffer_size: 67108864
2022/10/21-20:33:14.751149 7f9b8efd0040  Options.max_write_buffer_number: 2
2022/10/21-20:33:14.751151 7f9b8efd0040          Options.compression: NoCompression
2022/10/21-20:33:14.751153 7f9b8efd0040                  Options.bottommost_compression: Disabled
2022/10/21-20:33:14.751155 7f9b8efd0040       Options.prefix_extractor: nullptr
2022/10/21-20:33:14.751157 7f9b8efd0040   Options.memtable_insert_with_hint_prefix_extractor: nullptr
2022/10/21-20:33:14.751159 7f9b8efd0040             Options.num_levels: 7
2022/10/21-20:33:14.751161 7f9b8efd0040        Options.min_write_buffer_number_to_merge: 1
2022/10/21-20:33:14.751163 7f9b8efd0040     Options.max_write_buffer_number_to_maintain: 0
2022/10/21-20:33:14.751164 7f9b8efd0040     Options.max_write_buffer_size_to_maintain: 0
2022/10/21-20:33:14.751166 7f9b8efd0040            Options.bottommost_compression_opts.window_bits: -14
2022/10/21-20:33:14.751168 7f9b8efd0040                  Options.bottommost_compression_opts.level: 32767
2022/10/21-20:33:14.751170 7f9b8efd0040               Options.bottommost_compression_opts.strategy: 0
2022/10/21-20:33:14.751172 7f9b8efd0040         Options.bottommost_compression_opts.max_dict_bytes: 0
2022/10/21-20:33:14.751174 7f9b8efd0040         Options.bottommost_compression_opts.zstd_max_train_bytes: 0
2022/10/21-20:33:14.751176 7f9b8efd0040         Options.bottommost_compression_opts.parallel_threads: 1
2022/10/21-20:33:14.751178 7f9b8efd0040                  Options.bottommost_compression_opts.enabled: false
2022/10/21-20:33:14.751180 7f9b8efd0040         Options.bottommost_compression_opts.max_dict_buffer_bytes: 0
2022/10/21-20:33:14.751182 7f9b8efd0040            Options.compression_opts.window_bits: -14
2022/10/21-20:33:14.751184 7f9b8efd0040                  Options.compression_opts.level: 32767
2022/10/21-20:33:14.751185 7f9b8efd0040               Options.compression_opts.strategy: 0
2022/10/21-20:33:14.751187 7f9b8efd0040         Options.compression_opts.max_dict_bytes: 0
2022/10/21-20:33:14.751189 7f9b8efd0040         Options.compression_opts.zstd_max_train_bytes: 0
2022/10/21-20:33:14.751190 7f9b8efd0040         Options.compression_opts.parallel_threads: 1
2022/10/21-20:33:14.751216 7f9b8efd0040                  Options.compression_opts.enabled: false
2022/10/21-20:33:14.751218 7f9b8efd0040         Options.compression_opts.max_dict_buffer_bytes: 0
2022/10/21-20:33:14.751220 7f9b8efd0040      Options.level0_file_num_compaction_trigger: 4
2022/10/21-20:33:14.751222 7f9b8efd0040          Options.level0_slowdown_writes_trigger: 20
2022/10/21-20:33:14.751223 7f9b8efd0040              Options.level0_stop_writes_trigger: 36
2022/10/21-20:33:14.751225 7f9b8efd0040                   Options.target_file_size_base: 67108864
2022/10/21-20:33:14.751227 7f9b8efd0040             Options.target_file_size_multiplier: 1
2022/10/21-20:33:14.751228 7f9b8efd0040                Options.max_bytes_for_level_base: 268435456
2022/10/21-20:33:14.751230 7f9b8efd0040 Options.level_compaction_dynamic_level_bytes: 0
2022/10/21-20:33:14.751232 7f9b8efd0040          Options.max_bytes_for_level_multiplier: 10.000000
2022/10/21-20:33:14.751236 7f9b8efd0040 Options.max_bytes_for_level_multiplier_addtl[0]: 1
2022/10/21-20:33:14.751238 7f9b8efd0040 Options.max_bytes_for_level_multiplier_addtl[1]: 1
2022/10/21-20:33:14.751240 7f9b8efd0040 Options.max_bytes_for_level_multiplier_addtl[2]: 1
2022/10/21-20:33:14.751241 7f9b8efd0040 Options.max_bytes_for_level_multiplier_addtl[3]: 1
2022/10/21-20:33:14.751243 7f9b8efd0040 Options.max_bytes_for_level_multiplier_addtl[4]: 1
2022/10/21-20:33:14.751245 7f9b8efd0040 Options.max_bytes_for_level_multiplier_addtl[5]: 1
2022/10/21-20:33:14.751247 7f9b8efd0040 Options.max_bytes_for_level_multiplier_addtl[6]: 1
2022/10/21-20:33:14.751248 7f9b8efd0040       Options.max_sequential_skip_in_iterations: 8
2022/10/21-20:33:14.751250 7f9b8efd0040                    Options.max_compaction_bytes: 1677721600
2022/10/21-20:33:14.751252 7f9b8efd0040                        Options.arena_block_size: 8388608
2022/10/21-20:33:14.751253 7f9b8efd0040   Options.soft_pending_compaction_bytes_limit: 68719476736
2022/10/21-20:33:14.751255 7f9b8efd0040   Options.hard_pending_compaction_bytes_limit: 274877906944
2022/10/21-20:33:14.751257 7f9b8efd0040       Options.rate_limit_delay_max_milliseconds: 100
2022/10/21-20:33:14.751259 7f9b8efd0040                Options.disable_auto_compactions: 0
2022/10/21-20:33:14.751263 7f9b8efd0040                        Options.compaction_style: kCompactionStyleLevel
2022/10/21-20:33:14.751266 7f9b8efd0040                          Options.compaction_pri: kMinOverlappingRatio
2022/10/21-20:33:14.751268 7f9b8efd0040 Options.compaction_options_universal.size_ratio: 1
2022/10/21-20:33:14.751270 7f9b8efd0040 Options.compaction_options_universal.min_merge_width: 2
2022/10/21-20:33:14.751272 7f9b8efd0040 Options.compaction_options_universal.max_merge_width: 4294967295
2022/10/21-20:33:14.751273 7f9b8efd0040 Options.compaction_options_universal.max_size_amplification_percent: 200
2022/10/21-20:33:14.751275 7f9b8efd0040 Options.compaction_options_universal.compression_size_percent: -1
2022/10/21-20:33:14.751278 7f9b8efd0040 Options.compaction_options_universal.stop_style: kCompactionStopStyleTotalSize
2022/10/21-20:33:14.751280 7f9b8efd0040 Options.compaction_options_fifo.max_table_files_size: 1073741824
2022/10/21-20:33:14.751282 7f9b8efd0040 Options.compaction_options_fifo.allow_compaction: 0
2022/10/21-20:33:14.751292 7f9b8efd0040                   Options.table_properties_collectors: 
2022/10/21-20:33:14.751294 7f9b8efd0040                   Options.inplace_update_support: 0
2022/10/21-20:33:14.751295 7f9b8efd0040                 Options.inplace_update_num_locks: 10000
2022/10/21-20:33:14.751297 7f9b8efd0040               Options.memtable_prefix_bloom_size_ratio: 0.000000
2022/10/21-20:33:14.751299 7f9b8efd0040               Options.memtable_whole_key_filtering: 0
2022/10/21-20:33:14.751301 7f9b8efd0040   Options.memtable_huge_page_size: 0
2022/10/21-20:33:14.751303 7f9b8efd0040                           Options.bloom_locality: 0
2022/10/21-20:33:14.751304 7f9b8efd0040                    Options.max_successive_merges: 0
2022/10/21-20:33:14.751306 7f9b8efd0040                Options.optimize_filters_for_hits: 0
2022/10/21-20:33:14.751321 7f9b8efd0040                Options.paranoid_file_checks: 0
2022/10/21-20:33:14.751323 7f9b8efd0040                Options.force_consistency_checks: 1
2022/10/21-20:33:14.751325 7f9b8efd0040                Options.report_bg_io_stats: 0
2022/10/21-20:33:14.751326 7f9b8efd0040                               Options.ttl: 2592000
2022/10/21-20:33:14.751328 7f9b8efd0040          Options.periodic_compaction_seconds: 0
2022/10/21-20:33:14.751330 7f9b8efd0040                    Options.enable_blob_files: false
2022/10/21-20:33:14.751331 7f9b8efd0040                        Options.min_blob_size: 0
2022/10/21-20:33:14.751333 7f9b8efd0040                       Options.blob_file_size: 268435456
2022/10/21-20:33:14.751335 7f9b8efd0040                Options.blob_compression_type: NoCompression
2022/10/21-20:33:14.751337 7f9b8efd0040       Options.enable_blob_garbage_collection: false
2022/10/21-20:33:14.751338 7f9b8efd0040   Options.blob_garbage_collection_age_cutoff: 0.250000
2022/10/21-20:33:14.751438 7f9b8efd0040 [db/db_impl/db_impl.cc:2660] Created column family [__STATE_AGGREGATOR__] (ID 1)
2022/10/21-20:33:14.760721 7f9b8efd0040 [db/column_family.cc:596] --------------- Options for column family [__DB_METADATA__]:
2022/10/21-20:33:14.760737 7f9b8efd0040               Options.comparator: leveldb.BytewiseComparator
2022/10/21-20:33:14.760740 7f9b8efd0040           Options.merge_operator: None
2022/10/21-20:33:14.760742 7f9b8efd0040        Options.compaction_filter: None
2022/10/21-20:33:14.760743 7f9b8efd0040        Options.compaction_filter_factory: None
2022/10/21-20:33:14.760745 7f9b8efd0040  Options.sst_partitioner_factory: None
2022/10/21-20:33:14.760747 7f9b8efd0040         Options.memtable_factory: SkipListFactory
2022/10/21-20:33:14.760749 7f9b8efd0040            Options.table_factory: BlockBasedTable
2022/10/21-20:33:14.760801 7f9b8efd0040            table_factory options:   flush_block_policy_factory: FlushBlockBySizePolicyFactory (0x563cb64e9440)
  cache_index_and_filter_blocks: 0
  cache_index_and_filter_blocks_with_high_priority: 1
  pin_l0_filter_and_index_blocks_in_cache: 0
  pin_top_level_index_and_filter: 1
  index_type: 0
  data_block_index_type: 0
  index_shortening: 1
  data_block_hash_table_util_ratio: 0.750000
  hash_index_allow_collision: 1
  checksum: 1
  no_block_cache: 0
  block_cache: 0x563cb64ee400
  block_cache_name: LRUCache
  block_cache_options:
    capacity : 8388608
    num_shard_bits : 4
    strict_capacity_limit : 0
    memory_allocator : None
    high_pri_pool_ratio: 0.000
  block_cache_compressed: (nil)
  persistent_cache: (nil)
  block_size: 4096
  block_size_deviation: 10
  block_restart_interval: 16
  index_block_restart_interval: 1
  metadata_block_size: 4096
  partition_filters: 0
  use_delta_encoding: 1
  filter_policy: nullptr
  whole_key_filtering: 1
  verify_compression: 0
  read_amp_bytes_per_bit: 0
  format_version: 5
  enable_index_compression: 1
  block_align: 0
2022/10/21-20:33:14.760805 7f9b8efd0040        Options.write_buffer_size: 67108864
2022/10/21-20:33:14.760807 7f9b8efd0040  Options.max_write_buffer_number: 2
2022/10/21-20:33:14.760809 7f9b8efd0040          Options.compression: NoCompression
2022/10/21-20:33:14.760811 7f9b8efd0040                  Options.bottommost_compression: Disabled
2022/10/21-20:33:14.760813 7f9b8efd0040       Options.prefix_extractor: nullptr
2022/10/21-20:33:14.760815 7f9b8efd0040   Options.memtable_insert_with_hint_prefix_extractor: nullptr
2022/10/21-20:33:14.760817 7f9b8efd0040             Options.num_levels: 7
2022/10/21-20:33:14.760819 7f9b8efd0040        Options.min_write_buffer_number_to_merge: 1
2022/10/21-20:33:14.760821 7f9b8efd0040     Options.max_write_buffer_number_to_maintain: 0
2022/10/21-20:33:14.760822 7f9b8efd0040     Options.max_write_buffer_size_to_maintain: 0
2022/10/21-20:33:14.760824 7f9b8efd0040            Options.bottommost_compression_opts.window_bits: -14
2022/10/21-20:33:14.760826 7f9b8efd0040                  Options.bottommost_compression_opts.level: 32767
2022/10/21-20:33:14.760828 7f9b8efd0040               Options.bottommost_compression_opts.strategy: 0
2022/10/21-20:33:14.760830 7f9b8efd0040         Options.bottommost_compression_opts.max_dict_bytes: 0
2022/10/21-20:33:14.760832 7f9b8efd0040         Options.bottommost_compression_opts.zstd_max_train_bytes: 0
2022/10/21-20:33:14.760833 7f9b8efd0040         Options.bottommost_compression_opts.parallel_threads: 1
2022/10/21-20:33:14.760835 7f9b8efd0040                  Options.bottommost_compression_opts.enabled: false
2022/10/21-20:33:14.760837 7f9b8efd0040         Options.bottommost_compression_opts.max_dict_buffer_bytes: 0
2022/10/21-20:33:14.760839 7f9b8efd0040            Options.compression_opts.window_bits: -14
2022/10/21-20:33:14.760841 7f9b8efd0040                  Options.compression_opts.level: 32767
2022/10/21-20:33:14.760842 7f9b8efd0040               Options.compression_opts.strategy: 0
2022/10/21-20:33:14.760844 7f9b8efd0040         Options.compression_opts.max_dict_bytes: 0
2022/10/21-20:33:14.760846 7f9b8efd0040         Options.compression_opts.zstd_max_train_bytes: 0
2022/10/21-20:33:14.760847 7f9b8efd0040         Options.compression_opts.parallel_threads: 1
2022/10/21-20:33:14.760899 7f9b8efd0040                  Options.compression_opts.enabled: false
2022/10/21-20:33:14.760902 7f9b8efd0040         Options.compression_opts.max_dict_buffer_bytes: 0
2022/10/21-20:33:14.760904 7f9b8efd0040      Options.level0_file_num_compaction_trigger: 4
2022/10/21-20:33:14.760906 7f9b8efd0040          Options.level0_slowdown_writes_trigger: 20
2022/10/21-20:33:14.760908 7f9b8efd0040              Options.level0_stop_writes_trigger: 36
2022/10/21-20:33:14.760909 7f9b8efd0040                   Options.target_file_size_base: 67108864
2022/10/21-20:33:14.760911 7f9b8efd0040             Options.target_file_size_multiplier: 1
2022/10/21-20:33:14.760913 7f9b8efd0040                Options.max_bytes_for_level_base: 268435456
2022/10/21-20:33:14.760914 7f9b8efd0040 Options.level_compaction_dynamic_level_bytes: 0
2022/10/21-20:33:14.760916 7f9b8efd0040          Options.max_bytes_for_level_multiplier: 10.000000
2022/10/21-20:33:14.760920 7f9b8efd0040 Options.max_bytes_for_level_multiplier_addtl[0]: 1
2022/10/21-20:33:14.760922 7f9b8efd0040 Options.max_bytes_for_level_multiplier_addtl[1]: 1
2022/10/21-20:33:14.760924 7f9b8efd0040 Options.max_bytes_for_level_multiplier_addtl[2]: 1
2022/10/21-20:33:14.760926 7f9b8efd0040 Options.max_bytes_for_level_multiplier_addtl[3]: 1
2022/10/21-20:33:14.760927 7f9b8efd0040 Options.max_bytes_for_level_multiplier_addtl[4]: 1
2022/10/21-20:33:14.760929 7f9b8efd0040 Options.max_bytes_for_level_multiplier_addtl[5]: 1
2022/10/21-20:33:14.760931 7f9b8efd0040 Options.max_bytes_for_level_multiplier_addtl[6]: 1
2022/10/21-20:33:14.760932 7f9b8efd0040       Options.max_sequential_skip_in_iterations: 8
2022/10/21-20:33:14.760934 7f9b8efd0040                    Options.max_compaction_bytes: 1677721600
2022/10/21-20:33:14.760935 7f9b8efd0040                        Options.arena_block_size: 8388608
2022/10/21-20:33:14.760937 7f9b8efd0040   Options.soft_pending_compaction_bytes_limit: 68719476736
2022/10/21-20:33:14.760939 7f9b8efd0040   Options.hard_pending_compaction_bytes_limit: 274877906944
2022/10/21-20:33:14.760940 7f9b8efd0040       Options.rate_limit_delay_max_milliseconds: 100
2022/10/21-20:33:14.760942 7f9b8efd0040                Options.disable_auto_compactions: 0
2022/10/21-20:33:14.760946 7f9b8efd0040                        Options.compaction_style: kCompactionStyleLevel
2022/10/21-20:33:14.760949 7f9b8efd0040                          Options.compaction_pri: kMinOverlappingRatio
2022/10/21-20:33:14.760951 7f9b8efd0040 Options.compaction_options_universal.size_ratio: 1
2022/10/21-20:33:14.760952 7f9b8efd0040 Options.compaction_options_universal.min_merge_width: 2
2022/10/21-20:33:14.760954 7f9b8efd0040 Options.compaction_options_universal.max_merge_width: 4294967295
